P2: 7.329644500000e+03 0.000000000000e+00 1.915256500000e+03 0.000000000000e+00 0.000000000000e+00 7.330802000000e+03 1.079506000000e+03 0.000000000000e+00 0.000000000000e+00 0.000000000000e+00 1.000000000000e+00 0.000000000000e+00
R_rect 0.000000000000e+00 0.000000000000e+00 0.000000000000e+00 0.000000000000e+00 0.000000000000e+00 0.000000000000e+00 0.000000000000e+00 0.000000000000e+00 0.000000000000e+00
Tr_velo_cam
Tr_imu_velo