[{"colmap_id": 0, "uid": 0, "R": [[-0.012126973830163479, -0.008231583051383495, 1.000007152557373], [0.9991281032562256, 0.040147215127944946, 0.012376288883388042], [-0.04023932293057442, 0.9992852210998535, 0.00774077232927084]], "T": [-0.009368249215185642, -0.0069529530592262745, 0.8314382433891296], "FoVx": 0.9540324714663811, "FoVy": 0.565680133278688, "image": [3, 540, 960], "image_name": "/data15/DISCOVER_winter2024/zhengj2401/HC04/images/front_middle_camera#1684841330175707#01.jpg"}, {"colmap_id": 1, "uid": 1, "R": [[-0.01146647147834301, -0.010944605804979801, 0.9999889135360718], [0.9991359114646912, 0.04012083262205124, 0.01182535756379366], [-0.04023975506424904, 0.9992603063583374, 0.010478323325514793]], "T": [-0.008723785169422626, -0.009078450500965118, 0.8175742030143738], "FoVx": 0.9540324714663811, "FoVy": 0.565680133278688, "image": [3, 540, 960], "image_name": "/data15/DISCOVER_winter2024/zhengj2401/HC04/images/front_middle_camera#1684841330275705#02.jpg"}, {"colmap_id": 2, "uid": 2, "R": [[-0.010909770615398884, -0.012474490329623222, 0.9999772310256958], [0.9992787837982178, 0.03655988350510597, 0.011287743225693703], [-0.03668981045484543, 0.9993788599967957, 0.012069848366081715]], "T": [-0.008344585075974464, -0.01003333367407322, 0.8038732409477234], "FoVx": 0.9540324714663811, "FoVy": 0.565680133278688, "image": [3, 540, 960], "image_name": "/data15/DISCOVER_winter2024/zhengj2401/HC04/images/front_middle_camera#1684841330375687#03.jpg"}, {"colmap_id": 3, "uid": 3, "R": [[-0.010463797487318516, -0.011652791872620583, 0.9999918937683105], [0.9993487000465393, 0.034753698855638504, 0.010791569016873837], [-0.03486911207437515, 0.9994532465934753, 0.01128475833684206]], "T": [-0.008049027062952518, -0.009095164015889168, 0.7903952598571777], "FoVx": 0.9540324714663811, "FoVy": 0.565680133278688, "image": [3, 540, 960], "image_name": "/data15/DISCOVER_winter2024/zhengj2401/HC04/images/front_middle_camera#1684841330475660#04.jpg"}, {"colmap_id": 4, "uid": 4, "R": [[-0.010189145803451538, -0.010690731927752495, 1.0000054836273193], [0.9993583559989929, 0.03456956893205643, 0.010481700301170349], [-0.034671761095523834, 0.9994703531265259, 0.010334844700992107]], "T": [-0.007824264466762543, -0.008351088501513004, 0.7769714593887329], "FoVx": 0.9540324714663811, "FoVy": 0.565680133278688, "image": [3, 540, 960], "image_name": "/data15/DISCOVER_winter2024/zhengj2401/HC04/images/front_middle_camera#1684841330575622#05.jpg"}, {"colmap_id": 5, "uid": 5, "R": [[-0.009731341153383255, -0.011988934129476547, 0.9999953508377075], [0.9992848634719849, 0.03674205765128136, 0.010094481520354748], [-0.03685285151004791, 0.9993782043457031, 0.011626014485955238]], "T": [-0.007387559395283461, -0.009334154427051544, 0.7636579871177673], "FoVx": 0.9540324714663811, "FoVy": 0.565680133278688, "image": [3, 540, 960], "image_name": "/data15/DISCOVER_winter2024/zhengj2401/HC04/images/front_middle_camera#1684841330675644#06.jpg"}, {"colmap_id": 6, "uid": 6, "R": [[-0.009186191484332085, -0.014506506733596325, 0.9999671578407288], [0.9992066025733948, 0.0389178991317749, 0.009673292748630047], [-0.03904687985777855, 0.9992625117301941, 0.014140689745545387]], "T": [-0.00689644506201148, -0.011236093938350677, 0.7503108382225037], "FoVx": 0.9540324714663811, "FoVy": 0.565680133278688, "image": [3, 540, 960], "image_name": "/data15/DISCOVER_winter2024/zhengj2401/HC04/images/front_middle_camera#1684841330775624#07.jpg"}, {"colmap_id": 7, "uid": 7, "R": [[-0.008668976835906506, -0.016806593164801598, 0.9999357461929321], [0.9992020726203918, 0.03913864120841026, 0.009250064380466938], [-0.03928152471780777, 0.9992177486419678, 0.016457080841064453]], "T": [-0.006443115416914225, -0.01300014927983284, 0.7369365692138672], "FoVx": 0.9540324714663811, "FoVy": 0.565680133278688, "image": [3, 540, 960], "image_name": "/data15/DISCOVER_winter2024/zhengj2401/HC04/images/front_middle_camera#1684841330875596#08.jpg"}, {"colmap_id": 8, "uid": 8, "R": [[-0.00777318375185132, -0.020185431465506554, 0.9998805522918701], [0.9993157982826233, 0.03631862998008728, 0.008431515656411648], [-0.03647442162036896, 0.999261736869812, 0.019892491400241852]], "T": [-0.005894986446946859, -0.01528938952833414, 0.7236050367355347], "FoVx": 0.9540324714663811, "FoVy": 0.565680133278688, "image": [3, 540, 960], "image_name": "/data15/DISCOVER_winter2024/zhengj2401/HC04/images/front_middle_camera#1684841330975594#09.jpg"}, {"colmap_id": 9, "uid": 9, "R": [[-0.007584229577332735, -0.020356303080916405, 0.9998785853385925], [0.999377965927124, 0.03461539372801781, 0.008214694447815418], [-0.03476834297180176, 0.9993187189102173, 0.02008429355919361]], "T": [-0.005883340258151293, -0.015022290870547295, 0.7103657722473145], "FoVx": 0.9540324714663811, "FoVy": 0.565680133278688, "image": [3, 540, 960], "image_name": "/data15/DISCOVER_winter2024/zhengj2401/HC04/images/front_middle_camera#1684841331075572#10.jpg"}, {"colmap_id": 10, "uid": 10, "R": [[-0.007600781507790089, -0.01603388600051403, 0.9999570846557617], [0.9994087815284729, 0.03374999761581421, 0.008067338727414608], [-0.03386783227324486, 0.999427080154419, 0.015771059319376945]], "T": [-0.0058736237697303295, -0.011618276126682758, 0.6972184181213379], "FoVx": 0.9540324714663811, "FoVy": 0.565680133278688, "image": [3, 540, 960], "image_name": "/data15/DISCOVER_winter2024/zhengj2401/HC04/images/front_middle_camera#1684841331175538#11.jpg"}, {"colmap_id": 11, "uid": 11, "R": [[-0.007244328036904335, -0.010453377850353718, 1.0000336170196533], [0.9993912577629089, 0.03438783437013626, 0.007528756745159626], [-0.03445763140916824, 0.9994791746139526, 0.010201073251664639]], "T": [-0.005642783362418413, -0.007527219597250223, 0.6839919686317444], "FoVx": 0.9540324714663811, "FoVy": 0.565680133278688, "image": [3, 540, 960], "image_name": "/data15/DISCOVER_winter2024/zhengj2401/HC04/images/front_middle_camera#1684841331275505#12.jpg"}, {"colmap_id": 12, "uid": 12, "R": [[-0.007179949898272753, -0.004911685362458229, 1.0000766515731812], [0.9993306398391724, 0.036156103014945984, 0.007281741593033075], [-0.03618457168340683, 0.999459445476532, 0.004651976749300957]], "T": [-0.005462018772959709, -0.0036406414583325386, 0.6706279516220093], "FoVx": 0.9540324714663811, "FoVy": 0.565680133278688, "image": [3, 540, 960], "image_name": "/data15/DISCOVER_winter2024/zhengj2401/HC04/images/front_middle_camera#1684841331375484#13.jpg"}, {"colmap_id": 13, "uid": 13, "R": [[-0.007354627829045057, 0.0007063568336889148, 1.0000872611999512], [0.9992740154266357, 0.0376974418759346, 0.0072516100481152534], [-0.037685543298721313, 0.999414324760437, -0.0009799147956073284]], "T": [-0.00548028526827693, 2.560933535278309e-05, 0.6571282148361206], "FoVx": 0.9540324714663811, "FoVy": 0.565680133278688, "image": [3, 540, 960], "image_name": "/data15/DISCOVER_winter2024/zhengj2401/HC04/images/front_middle_camera#1684841331475482#14.jpg"}, {"colmap_id": 14, "uid": 14, "R": [[-0.007405728101730347, 0.003414805280044675, 1.000081181526184], [0.999233067035675, 0.038776032626628876, 0.0071966382674872875], [-0.038744546473026276, 0.9993674159049988, -0.003696170635521412]], "T": [-0.0055057331919670105, 0.0016175649361684918, 0.643185019493103], "FoVx": 0.9540324714663811, "FoVy": 0.565680133278688, "image": [3, 540, 960], "image_name": "/data15/DISCOVER_winter2024/zhengj2401/HC04/images/front_middle_camera#1684841331575486#15.jpg"}, {"colmap_id": 15, "uid": 15, "R": [[-0.007174992002546787, 0.0033324030227959156, 1.0000832080841064], [0.9991821050643921, 0.04010886326432228, 0.006964412052184343], [-0.04007892310619354, 0.9993152022361755, -0.0036142785102128983]], "T": [-0.0052933720871806145, 0.0015892110532149673, 0.6290892362594604], "FoVx": 0.9540324714663811, "FoVy": 0.565680133278688, "image": [3, 540, 960], "image_name": "/data15/DISCOVER_winter2024/zhengj2401/HC04/images/front_middle_camera#1684841331675478#16.jpg"}, {"colmap_id": 16, "uid": 16, "R": [[-0.00718212453648448, 0.0036493088118731976, 1.0000821352005005], [0.9991849064826965, 0.04004192724823952, 0.006959155667573214], [-0.040009755641222, 0.9993166327476501, -0.003930740989744663]], "T": [-0.0052812425419688225, 0.0018619861220940948, 0.6146409511566162], "FoVx": 0.9540324714663811, "FoVy": 0.565680133278688, "image": [3, 540, 960], "image_name": "/data15/DISCOVER_winter2024/zhengj2401/HC04/images/front_middle_camera#1684841331775460#17.jpg"}, {"colmap_id": 17, "uid": 17, "R": [[-0.007350511383265257, 0.003032762324437499, 1.0000828504562378], [0.9992232918739319, 0.039033275097608566, 0.007155385334044695], [-0.039004743099212646, 0.9993586540222168, -0.0033141402527689934]], "T": [-0.005439629778265953, 0.00147271400783211, 0.5999048352241516], "FoVx": 0.9540324714663811, "FoVy": 0.565680133278688, "image": [3, 540, 960], "image_name": "/data15/DISCOVER_winter2024/zhengj2401/HC04/images/front_middle_camera#1684841331875454#18.jpg"}, {"colmap_id": 18, "uid": 18, "R": [[-0.007166724652051926, 0.0014993214281275868, 1.0000877380371094], [0.9992488026618958, 0.03839932382106781, 0.007032685447484255], [-0.03838208317756653, 0.999386727809906, -0.001770211849361658]], "T": [-0.005342819262295961, 0.0006257719360291958, 0.5847757458686829], "FoVx": 0.9540324714663811, "FoVy": 0.565680133278688, "image": [3, 540, 960], "image_name": "/data15/DISCOVER_winter2024/zhengj2401/HC04/images/front_middle_camera#1684841331975476#19.jpg"}, {"colmap_id": 19, "uid": 19, "R": [[-0.006611880846321583, 0.0007919552735984325, 1.0000922679901123], [0.9992433190345764, 0.038633737713098526, 0.006505223456770182], [-0.03862208500504494, 0.9993784427642822, -0.0010436243610456586]], "T": [-0.005017733201384544, 0.00020666775526478887, 0.5694955587387085], "FoVx": 0.9540324714663811, "FoVy": 0.565680133278688, "image": [3, 540, 960], "image_name": "/data15/DISCOVER_winter2024/zhengj2401/HC04/images/front_middle_camera#1684841332075492#20.jpg"}, {"colmap_id": 20, "uid": 20, "R": [[-0.0058704703114926815, 0.00039851630572229624, 1.0000971555709839], [0.999125063419342, 0.041686560958623886, 0.0057777175679802895], [-0.04167823866009712, 0.9992560744285583, -0.0006397204124368727]], "T": [-0.004740327131003141, -1.9768400306929834e-05, 0.5540225505828857], "FoVx": 0.9540324714663811, "FoVy": 0.565680133278688, "image": [3, 540, 960], "image_name": "/data15/DISCOVER_winter2024/zhengj2401/HC04/images/front_middle_camera#1684841332175477#21.jpg"}, {"colmap_id": 21, "uid": 21, "R": [[-0.005465139634907246, -0.0006572529673576355, 1.0000994205474854], [0.9991077780723572, 0.04214521870017052, 0.005416956730186939], [-0.04214289411902428, 0.9992366433143616, 0.0004295002145227045]], "T": [-0.0044328891672194, -0.0005061844130977988, 0.5382900834083557], "FoVx": 0.9540324714663811, "FoVy": 0.565680133278688, "image": [3, 540, 960], "image_name": "/data15/DISCOVER_winter2024/zhengj2401/HC04/images/front_middle_camera#1684841332275460#22.jpg"}, {"colmap_id": 22, "uid": 22, "R": [[-0.003941751085221767, 0.0005173148820176721, 1.0001065731048584], [0.9991238713264465, 0.04193747788667679, 0.0038457908667623997], [-0.04192988574504852, 0.9992454051971436, -0.0006790218758396804]], "T": [-0.0035790835972875357, 0.0003391230129636824, 0.5226144790649414], "FoVx": 0.9540324714663811, "FoVy": 0.565680133278688, "image": [3, 540, 960], "image_name": "/data15/DISCOVER_winter2024/zhengj2401/HC04/images/front_middle_camera#1684841332375460#23.jpg"}, {"colmap_id": 23, "uid": 23, "R": [[-0.0033865459263324738, 0.002680549630895257, 1.0001051425933838], [0.9991765022277832, 0.040722135454416275, 0.0032038134522736073], [-0.040707752108573914, 0.9992923140525818, -0.0028131071012467146]], "T": [-0.003450200892984867, 0.001468835980631411, 0.506578266620636], "FoVx": 0.9540324714663811, "FoVy": 0.565680133278688, "image": [3, 540, 960], "image_name": "/data15/DISCOVER_winter2024/zhengj2401/HC04/images/front_middle_camera#1684841332475479#24.jpg"}, {"colmap_id": 24, "uid": 24, "R": [[-0.0030293562449514866, 0.004439656622707844, 1.000100016593933], [0.9991238117218018, 0.04202340170741081, 0.0027694867458194494], [-0.042005229741334915, 0.9992321133613586, -0.004559934604912996]], "T": [-0.003225060412660241, 0.002418762305751443, 0.49050992727279663], "FoVx": 0.9540324714663811, "FoVy": 0.565680133278688, "image": [3, 540, 960], "image_name": "/data15/DISCOVER_winter2024/zhengj2401/HC04/images/front_middle_camera#1684841332575465#25.jpg"}, {"colmap_id": 25, "uid": 25, "R": [[-0.002412503818050027, 0.005217548459768295, 1.0000979900360107], [0.9989953637123108, 0.04501055181026459, 0.0021045850589871407], [-0.04499389976263046, 0.9990983009338379, -0.005317763891071081]], "T": [-0.00275035435333848, 0.0027290231082588434, 0.474214643239975], "FoVx": 0.9540324714663811, "FoVy": 0.565680133278688, "image": [3, 540, 960], "image_name": "/data15/DISCOVER_winter2024/zhengj2401/HC04/images/front_middle_camera#1684841332675445#26.jpg"}, {"colmap_id": 26, "uid": 26, "R": [[-0.0013317118864506483, 0.0036212836857885122, 1.0001070499420166], [0.9989639520645142, 0.04573734477162361, 0.001094145467504859], [-0.04572819173336029, 0.9990723729133606, -0.003675319952890277]], "T": [-0.0021607233211398125, 0.0020308210514485836, 0.45793476700782776], "FoVx": 0.9540324714663811, "FoVy": 0.565680133278688, "image": [3, 540, 960], "image_name": "/data15/DISCOVER_winter2024/zhengj2401/HC04/images/front_middle_camera#1684841332775467#27.jpg"}, {"colmap_id": 27, "uid": 27, "R": [[-0.0004287145275156945, 0.0018629695987328887, 1.0001126527786255], [0.9989082217216492, 0.046951260417699814, 0.00027031596982851624], [-0.0469459593296051, 0.9990208745002747, -0.0018779527163133025]], "T": [-0.0017798645421862602, 0.001221495564095676, 0.4413401782512665], "FoVx": 0.9540324714663811, "FoVy": 0.565680133278688, "image": [3, 540, 960], "image_name": "/data15/DISCOVER_winter2024/zhengj2401/HC04/images/front_middle_camera#1684841332875491#28.jpg"}, {"colmap_id": 28, "uid": 28, "R": [[0.00033639566390775144, 0.000407175364671275, 1.0001144409179688], [0.9988800287246704, 0.04754504933953285, -0.00042577093699947], [-0.047540564090013504, 0.9989944696426392, -0.0003876230039168149]], "T": [-0.0014567743055522442, 0.000747517857234925, 0.42488759756088257], "FoVx": 0.9540324714663811, "FoVy": 0.565680133278688, "image": [3, 540, 960], "image_name": "/data15/DISCOVER_winter2024/zhengj2401/HC04/images/front_middle_camera#1684841332975481#29.jpg"}, {"colmap_id": 29, "uid": 29, "R": [[0.0013033902505412698, -6.917430437169969e-05, 1.0001137256622314], [0.9988207817077637, 0.04875769466161728, -0.0013687667669728398], [-0.0487530492246151, 0.9989360570907593, 0.00013573712203651667]], "T": [-0.0009939511073753238, 0.0007172919576987624, 0.4082085192203522], "FoVx": 0.9540324714663811, "FoVy": 0.565680133278688, "image": [3, 540, 960], "image_name": "/data15/DISCOVER_winter2024/zhengj2401/HC04/images/front_middle_camera#1684841333075462#30.jpg"}, {"colmap_id": 30, "uid": 30, "R": [[0.0020439198706299067, -0.0002947012544609606, 1.0001124143600464], [0.9988102316856384, 0.04894811660051346, -0.002097227843478322], [-0.04894290864467621, 0.9989266395568848, 0.00039748274139128625]], "T": [-0.0006149595719762146, 0.000725884223356843, 0.3914381265640259], "FoVx": 0.9540324714663811, "FoVy": 0.565680133278688, "image": [3, 540, 960], "image_name": "/data15/DISCOVER_winter2024/zhengj2401/HC04/images/front_middle_camera#1684841333175445#31.jpg"}, {"colmap_id": 31, "uid": 31, "R": [[0.0026683248579502106, -0.001424354617483914, 1.0001100301742554], [0.9987993836402893, 0.049140140414237976, -0.002665329724550247], [-0.04913164675235748, 0.9989162683486938, 0.0015568495728075504]], "T": [-0.00023612462973687798, 0.0002670403046067804, 0.3744993507862091], "FoVx": 0.9540324714663811, "FoVy": 0.565680133278688, "image": [3, 540, 960], "image_name": "/data15/DISCOVER_winter2024/zhengj2401/HC04/images/front_middle_camera#1684841333275430#32.jpg"}, {"colmap_id": 32, "uid": 32, "R": [[0.0037661369424313307, -0.003964287228882313, 1.000099539756775], [0.9987924695014954, 0.04921810328960419, -0.0036365478299558163], [-0.049198489636182785, 0.9989055395126343, 0.004147930536419153]], "T": [0.0002221418108092621, -0.000684317375998944, 0.35762858390808105], "FoVx": 0.9540324714663811, "FoVy": 0.565680133278688, "image": [3, 540, 960], "image_name": "/data15/DISCOVER_winter2024/zhengj2401/HC04/images/front_middle_camera#1684841333375413#33.jpg"}, {"colmap_id": 33, "uid": 33, "R": [[0.004428159445524216, -0.00826627854257822, 1.000070571899414], [0.998784065246582, 0.04935484752058983, -0.004084891639649868], [-0.0493144616484642, 0.9988725185394287, 0.008477836847305298]], "T": [0.0005630002124235034, -0.0021494426764547825, 0.3403923809528351], "FoVx": 0.9540324714663811, "FoVy": 0.565680133278688, "image": [3, 540, 960], "image_name": "/data15/DISCOVER_winter2024/zhengj2401/HC04/images/front_middle_camera#1684841333475392#34.jpg"}, {"colmap_id": 34, "uid": 34, "R": [[0.005707767326384783, -0.012331467121839523, 1.0000221729278564], [0.9987816214561462, 0.049301933497190475, -0.005163166206330061], [-0.049229253083467484, 0.998833179473877, 0.012600894086062908]], "T": [0.001030054409056902, -0.0032784580253064632, 0.3230223059654236], "FoVx": 0.9540324714663811, "FoVy": 0.565680133278688, "image": [3, 540, 960], "image_name": "/data15/DISCOVER_winter2024/zhengj2401/HC04/images/front_middle_camera#1684841333575372#35.jpg"}, {"colmap_id": 35, "uid": 35, "R": [[0.006769227795302868, -0.013397241942584515, 1.0000017881393433], [0.9987894892692566, 0.049025338143110275, -0.006174642592668533], [-0.048932597041130066, 0.9988330602645874, 0.013715923763811588]], "T": [0.0015514346305280924, -0.0033795577473938465, 0.30591922998428345], "FoVx": 0.9540324714663811, "FoVy": 0.565680133278688, "image": [3, 540, 960], "image_name": "/data15/DISCOVER_winter2024/zhengj2401/HC04/images/front_middle_camera#1684841333675376#36.jpg"}, {"colmap_id": 36, "uid": 36, "R": [[0.007860581390559673, -0.01210805494338274, 1.000010371208191], [0.9987531900405884, 0.04960348457098007, -0.007320502307265997], [-0.04950524494051933, 0.9988210201263428, 0.012485895305871964]], "T": [0.0019488238031044602, -0.0028334760572761297, 0.28866344690322876], "FoVx": 0.9540324714663811, "FoVy": 0.565680133278688, "image": [3, 540, 960], "image_name": "/data15/DISCOVER_winter2024/zhengj2401/HC04/images/front_middle_camera#1684841333775395#37.jpg"}, {"colmap_id": 37, "uid": 37, "R": [[0.008981346152722836, -0.010244373232126236, 1.0000216960906982], [0.9987283945083618, 0.04990994930267334, -0.008528920821845531], [-0.04981354624032974, 0.9988265633583069, 0.010682622902095318]], "T": [0.0023537883535027504, -0.0021873663645237684, 0.2713164687156677], "FoVx": 0.9540324714663811, "FoVy": 0.565680133278688, "image": [3, 540, 960], "image_name": "/data15/DISCOVER_winter2024/zhengj2401/HC04/images/front_middle_camera#1684841333875427#38.jpg"}, {"colmap_id": 38, "uid": 38, "R": [[0.010020863264799118, -0.00930505059659481, 1.0000211000442505], [0.9987154006958008, 0.049972038716077805, -0.00961325503885746], [-0.04987351596355438, 0.9988327622413635, 0.009796865284442902]], "T": [0.0026884705293923616, -0.001968299737200141, 0.25383007526397705], "FoVx": 0.9540324714663811, "FoVy": 0.565680133278688, "image": [3, 540, 960], "image_name": "/data15/DISCOVER_winter2024/zhengj2401/HC04/images/front_middle_camera#1684841333975471#39.jpg"}, {"colmap_id": 39, "uid": 39, "R": [[0.00997475627809763, -0.009691989049315453, 1.000017762184143], [0.9986734986305237, 0.050818007439374924, -0.009539223276078701], [-0.0507163442671299, 0.998786211013794, 0.01018903311342001]], "T": [0.002709730761125684, -0.0021373059134930372, 0.23618318140506744], "FoVx": 0.9540324714663811, "FoVy": 0.565680133278688, "image": [3, 540, 960], "image_name": "/data15/DISCOVER_winter2024/zhengj2401/HC04/images/front_middle_camera#1684841334075455#40.jpg"}, {"colmap_id": 40, "uid": 40, "R": [[0.009057871997356415, -0.011949775740504265, 1.000002145767212], [0.9986059665679932, 0.05230855196714401, -0.008490601554512978], [-0.052197083830833435, 0.9986848831176758, 0.012409938499331474]], "T": [0.0025530862621963024, -0.002629814902320504, 0.21814873814582825], "FoVx": 0.9540324714663811, "FoVy": 0.565680133278688, "image": [3, 540, 960], "image_name": "/data15/DISCOVER_winter2024/zhengj2401/HC04/images/front_middle_camera#1684841334175444#41.jpg"}, {"colmap_id": 41, "uid": 41, "R": [[0.008088741451501846, -0.013762982562184334, 0.9999871253967285], [0.9985658526420593, 0.05322881415486336, -0.007415058556944132], [-0.053115956485271454, 0.9986129403114319, 0.01417682133615017]], "T": [0.0022491144482046366, -0.002782674739137292, 0.20006509125232697], "FoVx": 0.9540324714663811, "FoVy": 0.565680133278688, "image": [3, 540, 960], "image_name": "/data15/DISCOVER_winter2024/zhengj2401/HC04/images/front_middle_camera#1684841334275446#42.jpg"}, {"colmap_id": 42, "uid": 42, "R": [[0.006500503048300743, -0.014204851351678371, 0.9999924302101135], [0.9986457824707031, 0.051911987364292145, -0.005824740510433912], [-0.05181875079870224, 0.998676061630249, 0.014526105485856533]], "T": [0.0019098393386229873, -0.002794324653223157, 0.18177390098571777], "FoVx": 0.9540324714663811, "FoVy": 0.565680133278688, "image": [3, 540, 960], "image_name": "/data15/DISCOVER_winter2024/zhengj2401/HC04/images/front_middle_camera#1684841334375456#43.jpg"}, {"colmap_id": 43, "uid": 43, "R": [[0.004839946981519461, -0.013832494616508484, 1.000007152557373], [0.9988706111907959, 0.04755508899688721, -0.004247032105922699], [-0.047486577183008194, 0.9988981485366821, 0.014050091616809368]], "T": [0.0014847913989797235, -0.0025262737181037664, 0.16346119344234467], "FoVx": 0.9540324714663811, "FoVy": 0.565680133278688, "image": [3, 540, 960], "image_name": "/data15/DISCOVER_winter2024/zhengj2401/HC04/images/front_middle_camera#1684841334475462#44.jpg"}, {"colmap_id": 44, "uid": 44, "R": [[0.0038045889232307673, -0.010072026401758194, 1.0000566244125366], [0.9990019202232361, 0.044784579426050186, -0.0034199045039713383], [-0.04474256560206413, 0.9990713000297546, 0.01023542508482933]], "T": [0.0011079469695687294, -0.0017820339417085052, 0.14481331408023834], "FoVx": 0.9540324714663811, "FoVy": 0.565680133278688, "image": [3, 540, 960], "image_name": "/data15/DISCOVER_winter2024/zhengj2401/HC04/images/front_middle_camera#1684841334575438#45.jpg"}, {"colmap_id": 45, "uid": 45, "R": [[0.003098540473729372, -0.00477873720228672, 1.0000983476638794], [0.9989944696426392, 0.04498201608657837, -0.002950626192614436], [-0.044962238520383835, 0.9991018176078796, 0.004916387144476175]], "T": [0.0009241146617569029, -0.0008678037556819618, 0.12618952989578247], "FoVx": 0.9540324714663811, "FoVy": 0.565680133278688, "image": [3, 540, 960], "image_name": "/data15/DISCOVER_winter2024/zhengj2401/HC04/images/front_middle_camera#1684841334675452#46.jpg"}, {"colmap_id": 46, "uid": 46, "R": [[0.002016635611653328, -0.00040737682138569653, 1.0001124143600464], [0.9989004731178284, 0.047071125358343124, -0.002065451117232442], [-0.047065477818250656, 0.9990169405937195, 0.0005049395258538425]], "T": [0.001019423478282988, -0.000202385796001181, 0.10741851478815079], "FoVx": 0.9540324714663811, "FoVy": 0.565680133278688, "image": [3, 540, 960], "image_name": "/data15/DISCOVER_winter2024/zhengj2401/HC04/images/front_middle_camera#1684841334775462#47.jpg"}, {"colmap_id": 47, "uid": 47, "R": [[0.001288257073611021, 0.001750759081915021, 1.0001121759414673], [0.9988937973976135, 0.04723645746707916, -0.0014398370403796434], [-0.0472341813147068, 0.9990076422691345, -0.0016848745290189981]], "T": [0.00109849963337183, -0.00010333500540582463, 0.08847101032733917], "FoVx": 0.9540324714663811, "FoVy": 0.565680133278688, "image": [3, 540, 960], "image_name": "/data15/DISCOVER_winter2024/zhengj2401/HC04/images/front_middle_camera#1684841334875468#48.jpg"}, {"colmap_id": 48, "uid": 48, "R": [[0.0011611537775024772, -0.00024187784583773464, 1.000113844871521], [0.9989020228385925, 0.04706771299242973, -0.0012187552638351917], [-0.04706268385052681, 0.9990171194076538, 0.00029935824568383396]], "T": [0.0011329005938023329, -0.0003696268249768764, 0.06920336186885834], "FoVx": 0.9540324714663811, "FoVy": 0.565680133278688, "image": [3, 540, 960], "image_name": "/data15/DISCOVER_winter2024/zhengj2401/HC04/images/front_middle_camera#1684841334975475#49.jpg"}, {"colmap_id": 49, "uid": 49, "R": [[0.000900682236533612, -0.003991827834397554, 1.0001060962677002], [0.9989395141601562, 0.04627465456724167, -0.0007853985880501568], [-0.0462663359940052, 0.999046266078949, 0.004032370634377003]], "T": [0.001216775388456881, -0.0005196196725592017, 0.04982730746269226], "FoVx": 0.9540324714663811, "FoVy": 0.565680133278688, "image": [3, 540, 960], "image_name": "/data15/DISCOVER_winter2024/zhengj2401/HC04/images/front_middle_camera#1684841335075439#50.jpg"}, {"colmap_id": 50, "uid": 50, "R": [[0.0012752831680700183, -0.006364036817103624, 1.0000934600830078], [0.9989060759544373, 0.0469856821000576, -0.0010451904963701963], [-0.0469733290374279, 0.9990006685256958, 0.00642008613795042]], "T": [0.0012839544797316194, -0.000395074428524822, 0.030220869928598404], "FoVx": 0.9540324714663811, "FoVy": 0.565680133278688, "image": [3, 540, 960], "image_name": "/data15/DISCOVER_winter2024/zhengj2401/HC04/images/front_middle_camera#1684841335175430#51.jpg"}, {"colmap_id": 51, "uid": 51, "R": [[0.0019013257697224617, -0.00638537434861064, 1.0000922679901123], [0.9989193081855774, 0.04668572172522545, -0.0016713865334168077], [-0.046669263392686844, 0.9990146160125732, 0.006470324005931616]], "T": [0.0013062304351478815, -0.00025431657559238374, 0.010418469086289406], "FoVx": 0.9540324714663811, "FoVy": 0.565680133278688, "image": [3, 540, 960], "image_name": "/data15/DISCOVER_winter2024/zhengj2401/HC04/images/front_middle_camera#1684841335275440#52.jpg"}, {"colmap_id": 52, "uid": 52, "R": [[0.0020630131475627422, -0.004935851786285639, 1.0001002550125122], [0.998889148235321, 0.04731748253107071, -0.0018974621780216694], [-0.04730276018381119, 0.9989931583404541, 0.0050310734659433365]], "T": [0.0015550300013273954, -0.0001411885896231979, -0.009221742860972881], "FoVx": 0.9540324714663811, "FoVy": 0.565680133278688, "image": [3, 540, 960], "image_name": "/data15/DISCOVER_winter2024/zhengj2401/HC04/images/front_middle_camera#1684841335375467#53.jpg"}, {"colmap_id": 53, "uid": 53, "R": [[0.0023838470224291086, -0.003981168381869793, 1.0001037120819092], [0.9989256262779236, 0.04652433842420578, -0.0022662868723273277], [-0.04651004448533058, 0.9990346431732178, 0.004090880509465933]], "T": [0.0016304099699482322, -6.735589704476297e-05, -0.02925552800297737], "FoVx": 0.9540324714663811, "FoVy": 0.565680133278688, "image": [3, 540, 960], "image_name": "/data15/DISCOVER_winter2024/zhengj2401/HC04/images/front_middle_camera#1684841335475502#54.jpg"}, {"colmap_id": 54, "uid": 54, "R": [[0.0026830104179680347, -0.0034165349788963795, 1.0001051425933838], [0.9989665150642395, 0.045622002333402634, -0.0025945354718714952], [-0.04560783505439758, 0.9990782737731934, 0.003538487246260047]], "T": [0.001635742257349193, 2.697453510336345e-06, -0.04927699267864227], "FoVx": 0.9540324714663811, "FoVy": 0.565680133278688, "image": [3, 540, 960], "image_name": "/data15/DISCOVER_winter2024/zhengj2401/HC04/images/front_middle_camera#1684841335575478#55.jpg"}, {"colmap_id": 55, "uid": 55, "R": [[0.0024052781518548727, -0.003552775364369154, 1.0001052618026733], [0.9989981055259705, 0.04493914544582367, -0.002313363365828991], [-0.04492556303739548, 0.9991087913513184, 0.0036603875923901796]], "T": [0.0018811795162037015, 8.292248821817338e-05, -0.06974190473556519], "FoVx": 0.9540324714663811, "FoVy": 0.565680133278688, "image": [3, 540, 960], "image_name": "/data15/DISCOVER_winter2024/zhengj2401/HC04/images/front_middle_camera#1684841335675432#56.jpg"}, {"colmap_id": 56, "uid": 56, "R": [[0.002358457073569298, -0.005079415161162615, 1.0000988245010376], [0.9989772439002991, 0.04540623351931572, -0.0021955969277769327], [-0.04538946971297264, 0.9990811347961426, 0.005184390116482973]], "T": [0.001907340600155294, 0.0002685409563127905, -0.09035712480545044], "FoVx": 0.9540324714663811, "FoVy": 0.565680133278688, "image": [3, 540, 960], "image_name": "/data15/DISCOVER_winter2024/zhengj2401/HC04/images/front_middle_camera#1684841335775425#57.jpg"}, {"colmap_id": 57, "uid": 57, "R": [[0.0021317433565855026, -0.006851039361208677, 1.0000888109207153], [0.9989796280860901, 0.04536904767155647, -0.0018890444189310074], [-0.04535003751516342, 0.9990721940994263, 0.006943849381059408]], "T": [0.002064494416117668, 0.0005731183337047696, -0.11099952459335327], "FoVx": 0.9540324714663811, "FoVy": 0.565680133278688, "image": [3, 540, 960], "image_name": "/data15/DISCOVER_winter2024/zhengj2401/HC04/images/front_middle_camera#1684841335875440#58.jpg"}, {"colmap_id": 58, "uid": 58, "R": [[0.0017861516680568457, -0.008291262201964855, 1.000078558921814], [0.9989873766899109, 0.04521219804883003, -0.0014797542244195938], [-0.0451933853328228, 0.9990684390068054, 0.008366706781089306]], "T": [0.002129957312718034, 0.0008710050024092197, -0.1316237598657608], "FoVx": 0.9540324714663811, "FoVy": 0.565680133278688, "image": [3, 540, 960], "image_name": "/data15/DISCOVER_winter2024/zhengj2401/HC04/images/front_middle_camera#1684841335975440#59.jpg"}, {"colmap_id": 59, "uid": 59, "R": [[0.0009385394514538348, -0.009146829135715961, 1.0000722408294678], [0.9989506006240845, 0.04603845626115799, -0.0005868495209142566], [-0.0460263229906559, 0.9990231990814209, 0.009183534421026707]], "T": [0.0023671032395213842, 0.0011424393160268664, -0.15227767825126648], "FoVx": 0.9540324714663811, "FoVy": 0.565680133278688, "image": [3, 540, 960], "image_name": "/data15/DISCOVER_winter2024/zhengj2401/HC04/images/front_middle_camera#1684841336075439#60.jpg"}, {"colmap_id": 60, "uid": 60, "R": [[-7.845759455449297e-07, -0.009001984260976315, 1.000074028968811], [0.9988988041877747, 0.04715226963162422, 0.0003548306704033166], [-0.04714886471629143, 0.9989725947380066, 0.008995135314762592]], "T": [0.0025007594376802444, 0.0012337820371612906, -0.1731603592634201], "FoVx": 0.9540324714663811, "FoVy": 0.565680133278688, "image": [3, 540, 960], "image_name": "/data15/DISCOVER_winter2024/zhengj2401/HC04/images/front_middle_camera#1684841336175403#61.jpg"}, {"colmap_id": 61, "uid": 61, "R": [[-0.0011756580788642168, -0.008799629285931587, 1.000075101852417], [0.9988307356834412, 0.048549897968769073, 0.0015310026938095689], [-0.04855692759156227, 0.9989075064659119, 0.008735379204154015]], "T": [0.002820568857714534, 0.0013511553406715393, -0.19403807818889618], "FoVx": 0.9540324714663811, "FoVy": 0.565680133278688, "image": [3, 540, 960], "image_name": "/data15/DISCOVER_winter2024/zhengj2401/HC04/images/front_middle_camera#1684841336275399#62.jpg"}, {"colmap_id": 62, "uid": 62, "R": [[-0.002194053726270795, -0.007673129439353943, 1.0000827312469482], [0.9987615346908569, 0.049912627786397934, 0.002503731520846486], [-0.04992588236927986, 0.9988495707511902, 0.007557242643088102]], "T": [0.002965517807751894, 0.0013128509745001793, -0.21506577730178833], "FoVx": 0.9540324714663811, "FoVy": 0.565680133278688, "image": [3, 540, 960], "image_name": "/data15/DISCOVER_winter2024/zhengj2401/HC04/images/front_middle_camera#1684841336375426#63.jpg"}, {"colmap_id": 63, "uid": 63, "R": [[-0.003048138925805688, -0.0056771086528897285, 1.0000938177108765], [0.9987214207649231, 0.050665102899074554, 0.0032611198257654905], [-0.05067828297615051, 0.9988250732421875, 0.00551855331286788]], "T": [0.003076334483921528, 0.0010268385522067547, -0.23613834381103516], "FoVx": 0.9540324714663811, "FoVy": 0.565680133278688, "image": [3, 540, 960], "image_name": "/data15/DISCOVER_winter2024/zhengj2401/HC04/images/front_middle_camera#1684841336475456#64.jpg"}, {"colmap_id": 64, "uid": 64, "R": [[-0.004129101987928152, -0.003563949605450034, 1.0000996589660645], [0.9987279176712036, 0.0504637211561203, 0.004232847597450018], [-0.05047375336289406, 0.9988449811935425, 0.0033541927114129066]], "T": [0.0033123206812888384, 0.0007170431199483573, -0.2571942210197449], "FoVx": 0.9540324714663811, "FoVy": 0.565680133278688, "image": [3, 540, 960], "image_name": "/data15/DISCOVER_winter2024/zhengj2401/HC04/images/front_middle_camera#1684841336575482#65.jpg"}, {"colmap_id": 65, "uid": 65, "R": [[-0.005098620429635048, -0.0012910091318190098, 1.0001007318496704], [0.9987669587135315, 0.04960629716515541, 0.005085467826575041], [-0.049607787281274796, 0.9988933801651001, 0.0010396505240350962]], "T": [0.003476089099422097, 0.0002567446499597281, -0.27859029173851013], "FoVx": 0.9540324714663811, "FoVy": 0.565680133278688, "image": [3, 540, 960], "image_name": "/data15/DISCOVER_winter2024/zhengj2401/HC04/images/front_middle_camera#1684841336675450#66.jpg"}, {"colmap_id": 66, "uid": 66, "R": [[-0.0061119357123970985, -1.378567594656488e-05, 1.0000958442687988], [0.9988107681274414, 0.04860839620232582, 0.00603428715839982], [-0.04860306903719902, 0.9989433288574219, -0.00028015210409648716]], "T": [0.003719907719641924, 8.949163020588458e-05, -0.30011409521102905], "FoVx": 0.9540324714663811, "FoVy": 0.565680133278688, "image": [3, 540, 960], "image_name": "/data15/DISCOVER_winter2024/zhengj2401/HC04/images/front_middle_camera#1684841336775413#67.jpg"}, {"colmap_id": 67, "uid": 67, "R": [[-0.007236961741000414, -0.00037290106411091983, 1.0000882148742676], [0.9988452792167664, 0.04773735627532005, 0.007175371516495943], [-0.047734178602695465, 0.9989852905273438, 3.0174353014444932e-05]], "T": [0.004108808934688568, 0.0002587191411294043, -0.3216495215892792], "FoVx": 0.9540324714663811, "FoVy": 0.565680133278688, "image": [3, 540, 960], "image_name": "/data15/DISCOVER_winter2024/zhengj2401/HC04/images/front_middle_camera#1684841336875403#68.jpg"}, {"colmap_id": 68, "uid": 68, "R": [[-0.007983562536537647, -0.0016668151365593076, 1.0000813007354736], [0.9988424777984619, 0.04766646772623062, 0.007982639595866203], [-0.047673579305410385, 0.9989873766899109, 0.0012875262182205915]], "T": [0.004485741723328829, 0.0008170152432285249, -0.34293732047080994], "FoVx": 0.9540324714663811, "FoVy": 0.565680133278688, "image": [3, 540, 960], "image_name": "/data15/DISCOVER_winter2024/zhengj2401/HC04/images/front_middle_camera#1684841336975433#69.jpg"}, {"colmap_id": 69, "uid": 69, "R": [[-0.008534745313227177, -0.002537346677854657, 1.000074863433838], [0.9988580346107483, 0.04723600670695305, 0.008573782630264759], [-0.04725123196840286, 0.9990059733390808, 0.002134492387995124]], "T": [0.0046918694861233234, 0.0014211508678272367, -0.36454564332962036], "FoVx": 0.9540324714663811, "FoVy": 0.565680133278688, "image": [3, 540, 960], "image_name": "/data15/DISCOVER_winter2024/zhengj2401/HC04/images/front_middle_camera#1684841337075455#70.jpg"}, {"colmap_id": 70, "uid": 70, "R": [[-0.009099467657506466, -0.0011856828350573778, 1.0000723600387573], [0.9988623857498169, 0.047051187604665756, 0.009073837660253048], [-0.04705529287457466, 0.9990171790122986, 0.0007593898335471749]], "T": [0.005147088784724474, 0.0011567611945793033, -0.38614657521247864], "FoVx": 0.9540324714663811, "FoVy": 0.565680133278688, "image": [3, 540, 960], "image_name": "/data15/DISCOVER_winter2024/zhengj2401/HC04/images/front_middle_camera#1684841337175413#71.jpg"}, {"colmap_id": 71, "uid": 71, "R": [[-0.008520511910319328, 0.0019574665930122137, 1.0000762939453125], [0.9988911747932434, 0.04657040908932686, 0.008348839357495308], [-0.04654755815863609, 0.9990385174751282, -0.0023489082232117653]], "T": [0.004632062744349241, 0.00011492740304674953, -0.4082515239715576], "FoVx": 0.9540324714663811, "FoVy": 0.565680133278688, "image": [3, 540, 960], "image_name": "/data15/DISCOVER_winter2024/zhengj2401/HC04/images/front_middle_camera#1684841337275370#72.jpg"}, {"colmap_id": 72, "uid": 72, "R": [[-0.008626666851341724, 0.0023550535552203655, 1.0000745058059692], [0.9988881349563599, 0.04661896079778671, 0.008436252363026142], [-0.046592503786087036, 0.9990354180335999, -0.0027514102403074503]], "T": [0.004738456103950739, -6.872679659863934e-05, -0.429909348487854], "FoVx": 0.9540324714663811, "FoVy": 0.565680133278688, "image": [3, 540, 960], "image_name": "/data15/DISCOVER_winter2024/zhengj2401/HC04/images/front_middle_camera#1684841337375332#73.jpg"}, {"colmap_id": 73, "uid": 73, "R": [[-0.008300191722810268, -0.002212999854236841, 1.0000776052474976], [0.9988674521446228, 0.04708002507686615, 0.008323888294398785], [-0.04709203541278839, 0.9990140795707703, 0.0018229109700769186]], "T": [0.0044562118127942085, 0.0018626746023073792, -0.45174524188041687], "FoVx": 0.9540324714663811, "FoVy": 0.565680133278688, "image": [3, 540, 960], "image_name": "/data15/DISCOVER_winter2024/zhengj2401/HC04/images/front_middle_camera#1684841337475290#74.jpg"}, {"colmap_id": 74, "uid": 74, "R": [[-0.008107365109026432, -0.00952746532857418, 1.000036358833313], [0.998891294002533, 0.04654548689723015, 0.008471121080219746], [-0.04661782085895538, 0.9989961385726929, 0.009142727591097355]], "T": [0.004308212548494339, 0.005323062650859356, -0.4735713601112366], "FoVx": 0.9540324714663811, "FoVy": 0.565680133278688, "image": [3, 540, 960], "image_name": "/data15/DISCOVER_winter2024/zhengj2401/HC04/images/front_middle_camera#1684841337575268#75.jpg"}, {"colmap_id": 75, "uid": 75, "R": [[-0.007717829197645187, -0.014089875854551792, 0.9999855160713196], [0.9989421963691711, 0.04547388106584549, 0.00828008446842432], [-0.04557982087135315, 0.9989914894104004, 0.013727198354899883]], "T": [0.004152272362262011, 0.007798109669238329, -0.4953601658344269], "FoVx": 0.9540324714663811, "FoVy": 0.565680133278688, "image": [3, 540, 960], "image_name": "/data15/DISCOVER_winter2024/zhengj2401/HC04/images/front_middle_camera#1684841337675235#76.jpg"}, {"colmap_id": 76, "uid": 76, "R": [[-0.00780040817335248, -0.01285800151526928, 1.0000014305114746], [0.9989442825317383, 0.04542571306228638, 0.008305768482387066], [-0.04552251100540161, 0.9990103840827942, 0.012493276037275791]], "T": [0.004324755165725946, 0.0074653648771345615, -0.5171168446540833], "FoVx": 0.9540324714663811, "FoVy": 0.565680133278688, "image": [3, 540, 960], "image_name": "/data15/DISCOVER_winter2024/zhengj2401/HC04/images/front_middle_camera#1684841337775220#77.jpg"}, {"colmap_id": 77, "uid": 77, "R": [[-0.007885916158556938, -0.010375413112342358, 1.0000295639038086], [0.9989296197891235, 0.04574909061193466, 0.008281389251351357], [-0.04582630470395088, 0.9990243911743164, 0.01000672485679388]], "T": [0.004510674625635147, 0.006325954105705023, -0.5386995673179626], "FoVx": 0.9540324714663811, "FoVy": 0.565680133278688, "image": [3, 540, 960], "image_name": "/data15/DISCOVER_winter2024/zhengj2401/HC04/images/front_middle_camera#1684841337875226#78.jpg"}, {"colmap_id": 78, "uid": 78, "R": [[-0.008025775663554668, -0.009401264600455761, 1.0000381469726562], [0.9988914728164673, 0.046557217836380005, 0.008383844047784805], [-0.046627745032310486, 0.9989967942237854, 0.009020371362566948]], "T": [0.004762536380439997, 0.0059114922769367695, -0.5604378581047058], "FoVx": 0.9540324714663811, "FoVy": 0.565680133278688, "image": [3, 540, 960], "image_name": "/data15/DISCOVER_winter2024/zhengj2401/HC04/images/front_middle_camera#1684841337975240#79.jpg"}, {"colmap_id": 79, "uid": 79, "R": [[-0.007577582728117704, -0.010657619684934616, 1.0000289678573608], [0.9989006519317627, 0.04642988368868828, 0.007993361912667751], [-0.046506352722644806, 0.9989901781082153, 0.010297262109816074]], "T": [0.0044273450039327145, 0.006846549455076456, -0.5823255777359009], "FoVx": 0.9540324714663811, "FoVy": 0.565680133278688, "image": [3, 54