[{"id": 0, "img_name": "000092", "width": 256, "height": 256, "position": [-0.8482894301414492, -0.5681917071342468, 0.6305260658264159], "rotation": [[0.5565060377120973, -0.43655699491500854, 0.706907868385315], [-0.8308433890342715, -0.29240953922271734, 0.4734928607940675], [-1.6391270202822433e-07, -0.8508315086364746, -0.5254383087158203]], "fy": 280.0, "fx": 280.0}, {"id": 1, "img_name": "000049", "width": 256, "height": 256, "position": [-0.6589152216911315, 0.10329832881689072, -0.9975770115852356], "rotation": [[-0.15487851202487948, 0.8212831616401672, 0.5490961074829103], [-0.9879333972930909, -0.12875276803970337, -0.08608195930719377], [-5.215405353248741e-08, -0.5558026432991028, 0.8313141465187076]], "fy": 280.0, "fx": 280.0}, {"id": 2, "img_name": "000095", "width": 256, "height": 256, "position": [-0.980342924594879, -0.2521494626998901, 0.6444756388664244], "rotation": [[0.24909785389900202, -0.5201337933540343, 0.8169522881507872], [-0.9684783816337584, -0.13378125429153442, 0.21012450754642487], [7.450580594625165e-09, -0.843542218208313, -0.5370629429817201]], "fy": 280.0, "fx": 280.0}, {"id": 3, "img_name": "000071", "width": 256, "height": 256, "position": [1.0811389684677124, 0.46993553638458263, -0.22427561879158026], "rotation": [[-0.3986370265483856, -0.17140421271324158, -0.9009488821029664], [0.9171086549758912, -0.07450371235609056, -0.39161300659179693], [1.5646214990843918e-07, -0.9823795557022096, 0.18689614534378055]], "fy": 280.0, "fx": 280.0}, {"id": 4, "img_name": "000004", "width": 256, "height": 256, "position": [-0.96776819229126, 0.4636568427085876, 0.5370726585388181], "rotation": [[-0.4320705831050873, -0.4036278128623963, 0.806473433971405], [-0.9018397331237793, 0.19337776303291318, -0.38638073205947876], [-4.470348003737821e-08, -0.8942536115646362, -0.4475605487823486]], "fy": 280.0, "fx": 280.0}, {"id": 5, "img_name": "000038", "width": 256, "height": 256, "position": [1.064602851867676, -0.35450622439384455, -0.42537787556648254], "rotation": [[0.31593811511993414, -0.336325079202652, -0.887168824672699], [0.9487797617912294, 0.1119942292571068, 0.29542174935340876], [2.2351731842459474e-07, -0.9350628852844238, 0.3544815182685852]], "fy": 280.0, "fx": 280.0}, {"id": 6, "img_name": "000086", "width": 256, "height": 256, "position": [-0.16734664142131805, -1.0999226570129397, -0.44962868094444264], "rotation": [[0.988623261451721, 0.05635837092995644, 0.13945549726486206], [-0.15041308104991916, 0.370427668094635, 0.9166018366813661], [-7.45057705021902e-09, -0.9271497726440429, 0.3746904134750365]], "fy": 280.0, "fx": 280.0}, {"id": 7, "img_name": "000015", "width": 256, "height": 256, "position": [0.5893151164054872, -0.09035301953554153, -1.0414146184921265], "rotation": [[0.15154795348644257, -0.8578216433525084, -0.491095781326294], [0.9884498715400696, 0.13151995837688443, 0.07529407739639282], [7.450577043039664e-08, -0.49683424830436707, 0.8678452372550964]], "fy": 280.0, "fx": 280.0}, {"id": 8, "img_name": "000022", "width": 256, "height": 256, "position": [-0.3679497838020324, 0.7894620299339294, 0.8254467844963074], "rotation": [[-0.9063879251480103, -0.2905890643596649, 0.3066247701644898], [-0.42244613170623785, 0.6234792470932008, -0.6578850746154786], [-2.9802318884508878e-08, -0.7258315682411195, -0.6878724694252015]], "fy": 280.0, "fx": 280.0}, {"id": 9, "img_name": "000077", "width": 256, "height": 256, "position": [-0.3464531004428864, 1.03119695186615, 0.5065598487854004], "rotation": [[-0.9479300975799559, -0.13444000482559204, 0.28871089220046997], [-0.3184777498245239, 0.400152713060379, -0.8593307733535765], [-3.725288876155524e-08, -0.9065337181091309, -0.4221332371234894]], "fy": 280.0, "fx": 280.0}, {"id": 10, "img_name": "000030", "width": 256, "height": 256, "position": [-0.4477383196353912, -1.109628915786743, 0.09085402637720105], "rotation": [[0.9273523092269896, -0.028330489993095394, 0.3731152415275573], [-0.3741892576217651, -0.07021146267652512, 0.9246905446052551], [1.303851426255965e-08, -0.9971296787261962, -0.07571173459291455]], "fy": 280.0, "fx": 280.0}, {"id": 11, "img_name": "000075", "width": 256, "height": 256, "position": [-0.09785573929548262, -0.8689942359924315, -0.8217501640319825], "rotation": [[0.9937193393707275, 0.07662874460220337, 0.08154641091823576], [-0.11190076917409893, 0.6804907321929932, 0.7241613268852234], [-1.4901146994972073e-08, -0.7287382483482361, 0.6847916245460511]], "fy": 280.0, "fx": 280.0}, {"id": 12, "img_name": "000068", "width": 256, "height": 256, "position": [-0.5678558945655822, 0.7693986892700195, 0.7249587774276732], "rotation": [[-0.8045908212661743, -0.35875153541564936, 0.47321319580078114], [-0.5938294529914856, 0.4860792458057402, -0.6411654949188234], [-1.4901157679058048e-08, -0.7968840003013609, -0.6041322946548462]], "fy": 280.0, "fx": 280.0}, {"id": 13, "img_name": "000062", "width": 256, "height": 256, "position": [1.0567665100097656, 0.567645788192749, -0.03198055177927017], "rotation": [[-0.47320598363876354, -0.02347786538302898, -0.8806386590003966], [0.8809515237808228, -0.012611147016286852, -0.4730380773544312], [1.8160781678293824e-07, -0.999644696712494, 0.026650333777070045]], "fy": 280.0, "fx": 280.0}, {"id": 14, "img_name": "000018", "width": 256, "height": 256, "position": [0.48303911089897156, -0.4662795960903167, 0.9946136474609374], "rotation": [[0.6945151686668396, 0.5963356494903564, -0.40253254771232616], [0.7194780111312866, -0.5756452679634093, 0.38856628537178045], [-4.470348000008811e-08, -0.5594784617424011, -0.8288446664810181]], "fy": 280.0, "fx": 280.0}, {"id": 15, "img_name": "000073", "width": 256, "height": 256, "position": [-0.34161189198493963, -0.17248955368995667, 1.1373428106307986], "rotation": [[0.4507295489311219, -0.846050798892975, 0.28467658162117], [-0.8926604390144348, -0.4271950125694275, 0.14374129474163053], [-2.2351739996964843e-08, -0.3189080059528351, -0.9477855563163756]], "fy": 280.0, "fx": 280.0}, {"id": 16, "img_name": "000006", "width": 256, "height": 256, "position": [-1.00709068775177, 0.24119706451892858, -0.6062938570976258], "rotation": [[-0.23291221261024472, 0.4913495182991027, 0.8392422795295714], [-0.9724977612495422, -0.11767769604921341, -0.2009976357221604], [2.2351743563089346e-08, -0.8629760146141052, 0.5052449703216552]], "fy": 280.0, "fx": 280.0}, {"id": 17, "img_name": "000032", "width": 256, "height": 256, "position": [-0.6682359576225283, 0.8811239004135135, -0.4659197330474853], "rotation": [[-0.7967796325683594, 0.2346177697181702, 0.556863307952881], [-0.6042699813842775, -0.30936282873153675, -0.7342700362205508], [-4.470348354837906e-08, -0.9215471744537354, 0.38826644420623774]], "fy": 280.0, "fx": 280.0}, {"id": 18, "img_name": "000000", "width": 256, "height": 256, "position": [1.2000000476837158, 3.6227850926489944e-48, 7.347881115511007e-17], "rotation": [[4.930380657631324e-32, -2.220446049250313e-16, -1.0], [1.0, -4.930380657631324e-32, -2.220446049250313e-16], [2.220446049250313e-16, -1.0, -4.930380657631324e-32]], "fy": 280.0, "fx": 280.0}, {"id": 19, "img_name": "000041", "width": 256, "height": 256, "position": [-0.37940979003906256, 1.1077446937561035, -0.2625825107097626], "rotation": [[-0.9460476040840149, 0.07090330123901369, 0.3161748945713043], [-0.3240275084972381, -0.20701292157173157, -0.9231206774711608], [-2.9802318831910448e-08, -0.9757655262947083, 0.21881860494613647]], "fy": 280.0, "fx": 280.0}, {"id": 20, "img_name": "000058", "width": 256, "height": 256, "position": [0.7158572077751161, -0.9379732608795166, 0.21852833032608032], "rotation": [[0.7949365377426146, 0.11048281937837602, -0.5965477824211122], [0.6066923737525939, -0.1447632759809494, 0.7816441655158998], [1.1175868052641938e-07, -0.9832786321640015, -0.18210674822330475]], "fy": 280.0, "fx": 280.0}, {"id": 21, "img_name": "000067", "width": 256, "height": 256, "position": [1.1358038187026975, 0.29510608315467834, -0.2507225871086121], "rotation": [[-0.25147178769111633, -0.20222125947475433, -0.9465032219886781], [0.9678646326065063, -0.052541404962539666, -0.2459217309951782], [2.6077028532045503e-08, -0.9779293537139894, 0.20893542468547824]], "fy": 280.0, "fx": 280.0}, {"id": 22, "img_name": "000061", "width": 256, "height": 256, "position": [-1.1305341720581052, -0.18838319182395935, -0.35553440451622], "rotation": [[0.1643657386302948, 0.29224905371665943, 0.9421116709709169], [-0.9863994121551513, 0.048697952181100845, 0.15698592364788055], [3.725289942823434e-08, -0.9551015496253965, 0.296278566122055]], "fy": 280.0, "fx": 280.0}, {"id": 23, "img_name": "000027", "width": 256, "height": 256, "position": [-0.12867332994937897, 0.6706479191780089, -0.9867493510246277], "rotation": [[-0.9820871353149414, 0.1549421697854996, 0.10722778737545015], [-0.18842737376689916, -0.8075615763664247, -0.5588732957839966], [-7.450580583930999e-09, -0.5690670013427733, 0.8222911953926089]], "fy": 280.0, "fx": 280.0}, {"id": 24, "img_name": "000039", "width": 256, "height": 256, "position": [0.862153649330139, -0.0723122879862785, 0.8315419554710389], "rotation": [[0.08358047902584075, 0.6905270814895629, -0.7184613943099974], [0.996501088142395, -0.05791723355650903, 0.06026016175746918], [1.117587089647392e-08, -0.7209841012954712, -0.6929517388343811]], "fy": 280.0, "fx": 280.0}, {"id": 25, "img_name": "000028", "width": 256, "height": 256, "position": [-0.6273159980773928, -0.9567461609840393, 0.3620931208133697], "rotation": [[0.8362678289413451, -0.16545268893241882, 0.5227633118629456], [-0.5483211278915404, -0.25233885645866383, 0.7972884178161621], [-5.960463767536849e-08, -0.9533888697624205, -0.3017441034317016]], "fy": 280.0, "fx": 280.0}, {"id": 26, "img_name": "000064", "width": 256, "height": 256, "position": [1.1936169862747192, 0.12009502202272417, 0.02925244718790054], "rotation": [[-0.10010895878076556, 0.024254526942968372, -0.9946807622909545], [0.9949764609336854, 0.002440385986119509, -0.10007923841476442], [6.472691183089258e-08, -0.9997027516365051, -0.024377025663852688]], "fy": 280.0, "fx": 280.0}, {"id": 27, "img_name": "000063", "width": 256, "height": 256, "position": [-0.7204130291938783, -0.05197466164827348, 0.958281636238098], "rotation": [[0.07195859402418137, -0.7964976429939269, 0.6003443002700806], [-0.9974074959754945, -0.05746383965015411, 0.04331215471029282], [-0.0, -0.601904571056366, -0.7985680103302002]], "fy": 280.0, "fx": 280.0}, {"id": 28, "img_name": "000072", "width": 256, "height": 256, "position": [-0.35404354333877563, -0.5066614151000977, 1.028565764427185], "rotation": [[0.8197025060653687, -0.49095976352691656, 0.29503628611564636], [-0.5727896094322207, -0.70259827375412, 0.42221781611442566], [-4.7580722544528185e-17, -0.5150867104530334, -0.8571380972862244]], "fy": 280.0, "fx": 280.0}, {"id": 29, "img_name": "000099", "width": 256, "height": 256, "position": [-0.3427860140800478, -1.140429735183716, 0.1480460464954376], "rotation": [[0.9576743245124817, -0.03551300242543221, 0.28565505146980297], [-0.28785407543182373, -0.1181497722864151, 0.9503582119941713], [-7.450580586095052e-09, -0.9923605918884278, -0.12337155640125275]], "fy": 280.0, "fx": 280.0}, {"id": 30, "img_name": "000085", "width": 256, "height": 256, "position": [-0.9906312227249148, -0.32696753740310663, -0.5930783748626708], "rotation": [[0.31342872977256775, 0.46932855248451233, 0.825525999069214], [-0.9496117830276488, 0.15490648150444028, 0.272473007440567], [2.9802322353283067e-08, -0.8693300485610962, 0.49423205852508534]], "fy": 280.0, "fx": 280.0}, {"id": 31, "img_name": "000065", "width": 256, "height": 256, "position": [-0.4206889271736144, 1.1111308336257935, -0.16854996979236606], "rotation": [[-0.9352133870124817, 0.04973409697413443, 0.3505740761756896], [-0.3540842533111572, -0.13135851919651031, -0.9259423017501831], [-3.725289587965216e-08, -0.990086555480957, 0.14045819640159607]], "fy": 280.0, "fx": 280.0}, {"id": 32, "img_name": "000050", "width": 256, "height": 256, "position": [0.2698268294334412, -1.1225105524063113, 0.3273588716983796], "rotation": [[0.9723039269447327, 0.0637587234377861, -0.22485569119453433], [0.23372048139572144, -0.2652435898780823, 0.935425341129303], [1.1175870882395524e-08, -0.9620710611343385, -0.27279904484748846]], "fy": 280.0, "fx": 280.0}, {"id": 33, "img_name": "000081", "width": 256, "height": 256, "position": [0.6400184631347656, 0.9570366740226746, 0.3383152484893799], "rotation": [[-0.8312499523162842, 0.1567240655422211, -0.5333486199378968], [0.5558985471725465, 0.2343536466360091, -0.7975305318832396], [1.4901155851620478e-08, -0.9594349861145018, -0.2819293737411499]], "fy": 280.0, "fx": 280.0}, {"id": 34, "img_name": "000029", "width": 256, "height": 256, "position": [0.7912633419036865, -0.4525753259658811, 0.780434310436249], "rotation": [[0.4964901804924012, 0.5645416378974915, -0.6593861579895018], [0.868042230606079, -0.3228982686996459, 0.37714606523513783], [5.960463770397961e-08, -0.7596244215965272, -0.6503619551658631]], "fy": 280.0, "fx": 280.0}, {"id": 35, "img_name": "000090", "width": 256, "height": 256, "position": [1.0690348148345947, -0.3907671272754668, 0.3800861239433288], "rotation": [[0.34331554174423223, 0.29748696088790894, -0.8908624053001405], [0.9392200708389281, -0.10874120146036144, 0.3256390988826751], [1.1920924690182553e-07, -0.9485127925872803, -0.31673845648765564]], "fy": 280.0, "fx": 280.0}, {"id": 36, "img_name": "000040", "width": 256, "height": 256, "position": [-0.3664150536060334, -0.22005578875541693, 1.1213009357452393], "rotation": [[0.5148514509201049, -0.8010567426681519, 0.3053458333015443], [-0.8572793602943419, -0.48108610510826116, 0.18337981402873996], [2.9802322409607764e-08, -0.3561800718307495, -0.9344173073768616]], "fy": 280.0, "fx": 280.0}, {"id": 37, "img_name": "000013", "width": 256, "height": 256, "position": [-0.6679946184158327, -0.721824765205383, 0.6875695586204528], "rotation": [[0.7339438796043395, -0.3891701698303223, 0.5566623210906982], [-0.6792100667953491, -0.42053118348121626, 0.601520597934723], [-2.980231877999617e-08, -0.8195729255676268, -0.5729746222496032]], "fy": 280.0, "fx": 280.0}, {"id": 38, "img_name": "000074", "width": 256, "height": 256, "position": [0.3803230524063111, -0.12330498546361926, -1.1314374208450322], "rotation": [[0.30840724706649775, -0.8969039916992186, -0.31693577766418457], [0.9512544870376588, 0.2907862365245819, 0.10275404900312425], [5.2154064187646715e-08, -0.3331766724586488, 0.9428644180297853]], "fy": 280.0, "fx": 280.0}, {"id": 39, "img_name": "000053", "width": 256, "height": 256, "position": [-1.0058455467224123, 0.40455150604248047, 0.5144054889678954], "rotation": [[-0.37314981222152716, -0.39770871400833124, 0.8382045030593873], [-0.927770972251892, 0.15995851159095764, -0.3371261954307556], [1.4901157637315614e-08, -0.9034603834152221, -0.4286712408065795]], "fy": 280.0, "fx": 280.0}, {"id": 40, "img_name": "000044", "width": 256, "height": 256, "position": [-0.02202280610799789, 0.07762761414051055, -1.1972839832305908], "rotation": [[-0.9620344638824464, 0.27230963110923767, 0.0183523204177618], [-0.2729273736476898, -0.9598572254180907, -0.06468956172466277], [1.4901157644097951e-08, -0.06724245101213454, 0.9977365732192992]], "fy": 280.0, "fx": 280.0}, {"id": 41, "img_name": "000019", "width": 256, "height": 256, "position": [0.9986806511878964, 0.5468095541000366, -0.37899363040924067], "rotation": [[-0.4802557229995728, -0.27702176570892334, -0.8322337865829468], [0.8771283030509949, -0.15167820453643793, -0.45567467808723444], [1.4901155513507493e-07, -0.9488162994384765, 0.3158279061317444]], "fy": 280.0, "fx": 280.0}, {"id": 42, "img_name": "000026", "width": 256, "height": 256, "position": [0.26685872673988337, 0.29491657018661477, 1.1321709156036375], "rotation": [[-0.7414988279342652, 0.6330286860466003, -0.22238221764564514], [0.6709539294242858, 0.6995860934257506, -0.24576370418071738], [4.470347295604482e-08, -0.33144176006317144, -0.9434756040573119]], "fy": 280.0, "fx": 280.0}, {"id": 43, "img_name": "000082", "width": 256, "height": 256, "position": [-0.23647633194923393, 1.1568968296051023, -0.21370209753513333], "rotation": [[-0.9797417521476746, 0.03566417098045348, 0.19706363976001737], [-0.20026484131813047, -0.17447730898857117, -0.96408075094223], [-1.1175870015430315e-08, -0.9840151071548463, 0.17808493971824643]], "fy": 280.0, "fx": 280.0}, {"id": 44, "img_name": "000036", "width": 256, "height": 256, "position": [1.1936576366424558, -0.07127783447504042, 0.10050074011087416], "rotation": [[0.05960766971111296, 0.08360169082880019, -0.994714856147766], [0.9982218742370603, -0.0049922149628400785, 0.059398256242275224], [-4.097819328333479e-08, -0.996486723423004, -0.0837506130337715]], "fy": 280.0, "fx": 280.0}, {"id": 45, "img_name": "000069", "width": 256, "height": 256, "position": [0.7278161644935608, -0.5366762280464171, -0.7888360023498535], "rotation": [[0.5934789776802062, -0.5290785431861877, -0.606513500213623], [0.8048495054244993, 0.3901313245296479, 0.44723019003868103], [2.980232248971701e-08, -0.753573775291443, 0.6573633551597593]], "fy": 280.0, "fx": 280.0}, {"id": 46, "img_name": "000037", "width": 256, "height": 256, "position": [-1.014503240585327, 0.40872147679328924, 0.49369040131568914], "rotation": [[-0.37369117140769964, -0.3816034197807312, 0.8454193472862244], [-0.9275532960891724, 0.15373985469341275, -0.34060111641883845], [-7.450581308951495e-08, -0.9114511013031006, -0.41140863299369823]], "fy": 280.0, "fx": 280.0}, {"id": 47, "img_name": "000054", "width": 256, "height": 256, "position": [-0.9914257526397705, 0.297925502061844, -0.6068901419639586], "rotation": [[-0.28778886795043945, 0.48434576392173767, 0.826188027858734], [-0.9576938152313234, -0.1455468982458115, -0.24827122688293463], [-8.94069458562871e-08, -0.8626849055290223, 0.5057416558265686]], "fy": 280.0, "fx": 280.0}, {"id": 48, "img_name": "000033", "width": 256, "height": 256, "position": [-0.39305090904235834, -0.5901166200637817, 0.968128740787506], "rotation": [[0.832284688949585, -0.4472338855266571, 0.3275424838066101], [-0.5543484687805176, -0.6714655160903932, 0.4917638897895813], [4.478494802705001e-17, -0.5908602476119996, -0.8067739009857178]], "fy": 280.0, "fx": 280.0}, {"id": 49, "img_name": "000060", "width": 256, "height": 256, "position": [-0.03677403926849365, 1.199431180953979, -0.003498941427096723], "rotation": [[-0.9995301365852356, 8.935432560974732e-05, 0.030645029619336128], [-0.030645160004496567, -0.0029144273139536376, -0.9995259642601013], [-1.5861582047799648e-09, -0.9999956488609313, 0.002915644785389304]], "fy": 280.0, "fx": 280.0}, {"id": 50, "img_name": "000024", "width": 256, "height": 256, "position": [-0.8177933096885683, -0.6120615005493163, -0.6297576427459717], "rotation": [[0.5991954803466796, 0.4201548695564269, 0.6814943552017212], [-0.8006026744842529, 0.314456582069397, 0.5100511312484741], [2.9802315296230883e-08, -0.8512266278266907, 0.524798095226288]], "fy": 280.0, "fx": 280.0}, {"id": 51, "img_name": "000002", "width": 256, "height": 256, "position": [-0.28222858905792236, -1.0834767818450928, -0.43176984786987305], "rotation": [[0.9677083492279053, 0.09069786220788957, 0.23519046604633334], [-0.2520727217197419, 0.34818950295448303, 0.902897119522095], [-4.470347290290471e-08, -0.933026134967804, 0.35980832576751703]], "fy": 280.0, "fx": 280.0}, {"id": 52, "img_name": "000046", "width": 256, "height": 256, "position": [-0.29112026095390325, 0.9951722621917726, -0.6040541529655457], "rotation": [[-0.9597762823104858, 0.14133141934871676, 0.24260014295578006], [-0.28076574206352234, -0.4831307530403138, -0.8293101191520691], [-7.450579731451795e-09, -0.8640660047531129, 0.5033783912658691]], "fy": 280.0, "fx": 280.0}, {"id": 53, "img_name": "000016", "width": 256, "height": 256, "position": [0.5693520903587341, -1.0413147211074827, -0.1774878203868866], "rotation": [[0.8774126768112182, -0.07095614820718765, -0.47446006536483776], [0.4797365367412567, 0.1297750324010849, 0.8677623271942139], [2.9802322403814495e-08, -0.989001452922821, 0.14790649712085727]], "fy": 280.0, "fx": 280.0}, {"id": 54, "img_name": "000048", "width": 256, "height": 256, "position": [0.521555483341217, 1.031460165977478, 0.32259851694107056], "rotation": [[-0.892402172088623, 0.1213081479072571, -0.4346295893192292], [0.4512411057949066, 0.23990654945373538, -0.859550178050995], [4.470349068472321e-08, -0.9631870388984679, -0.2688322961330413]], "fy": 280.0, "fx": 280.0}, {"id": 55, "img_name": "000010", "width": 256, "height": 256, "position": [-0.6973007917404176, 0.954167306423187, -0.20817375183105466], "rotation": [[-0.8073811531066896, 0.10235731303691865, 0.5810840725898743], [-0.5900302529335022, -0.14006298780441281, -0.7951393723487854], [5.9604644732898516e-08, -0.9848376512527466, 0.1734781563282013]], "fy": 280.0, "fx": 280.0}, {"id": 56, "img_name": "000087", "width": 256, "height": 256, "position": [0.6683521270751953, -0.9439207911491394, -0.3198736011981965], "rotation": [[0.8161298632621767, -0.15403743088245395, -0.5569601058959961], [0.5778685212135316, 0.2175486385822296, 0.786600649356842], [-4.47034871016933e-08, -0.9638180136680604, 0.26656132936477667]], "fy": 280.0, "fx": 280.0}, {"id": 57, "img_name": "000025", "width": 256, "height": 256, "position": [-0.7360591292381286, -0.9401202201843263, 0.11996490508317947], "rotation": [[0.7873778343200684, -0.06162904575467109, 0.6133825182914733], [-0.6164708137512207, -0.07871468365192415, 0.7834333181381227], [-4.842877387462276e-08, -0.9949904680252074, -0.09997069835662842]], "fy": 280.0, "fx": 280.0}, {"id": 58, "img_name": "000056", "width": 256, "height": 256, "position": [0.7567591071128845, 0.653069794178009, 0.6639392375946045], "rotation": [[-0.6533362269401551, 0.4188724458217622, -0.6306324601173401], [0.7570677399635315, 0.36147966980934154, -0.5442249774932861], [5.960463063507137e-08, -0.8329935669898988, -0.5532827973365785]], "fy": 280.0, "fx": 280.0}, {"id": 59, "img_name": "000012", "width": 256, "height": 256, "position": [-0.05684800818562509, 0.6981496810913088, -0.9743486642837527], "rotation": [[-0.9967011213302613, 0.06589689105749129, 0.04737333208322525], [-0.08115806430578233, -0.8092789053916931, -0.581791341304779], [-3.7252894110256243e-09, -0.5837169289588929, 0.8119571805000305]], "fy": 280.0, "fx": 280.0}, {"id": 60, "img_name": "000098", "width": 256, "height": 256, "position": [-0.8188003897666932, 0.23567892611026753, -0.8449975848197938], "rotation": [[-0.2766042351722718, 0.676690936088562, 0.6823336482048036], [-0.9609837532043458, -0.19477503001689908, -0.1963991671800613], [-2.980231527453098e-08, -0.7100364565849304, 0.7041646838188171]], "fy": 280.0, "fx": 280.0}, {"id": 61, "img_name": "000001", "width": 256, "height": 256, "position": [7.347881777255497e-17, 1.1999999284744263, -2.6469776446253265e-23], "rotation": [[-0.9999997615814209, -8.227106111196833e-24, -6.123234262925839e-17], [6.123234262925838e-17, -1.3435881385248647e-07, -0.9999998807907102], [8.22710611119683e-24, -0.9999998807907104, -1.343588138524865e-07]], "fy": 280.0, "fx": 280.0}, {"id": 62, "img_name": "000005", "width": 256, "height": 256, "position": [-0.3327275216579437, 0.31688401103019714, -1.10854709148407], "rotation": [[-0.6896559596061708, 0.668950319290161, 0.2772729694843292], [-0.724137246608734, -0.6370968222618102, -0.26407003402709955], [-1.4901162964682906e-08, -0.382901132106781, 0.9237894415855408]], "fy": 280.0, "fx": 280.0}, {"id": 63, "img_name": "000093", "width": 256, "height": 256, "position": [-0.2838455140590667, -0.6843308806419373, 0.9439933300018309], "rotation": [[0.9236950874328614, -0.30139231681823725, 0.23653790354728693], [-0.38312858343124395, -0.7266348600387573, 0.5702756643295289], [-1.4901161176987326e-08, -0.6173852682113647, -0.7866610288619995]], "fy": 280.0, "fx": 280.0}, {"id": 64, "img_name": "000011", "width": 256, "height": 256, "position": [-1.1220248937606812, -0.38753101229667647, -0.175726905465126], "rotation": [[0.32646179199218756, 0.13841566443443296, 0.9350207448005677], [-0.9452103972434996, 0.04780668392777441, 0.3229425251483916], [1.154840134635057e-07, -0.9892197251319885, 0.14643901586532593]], "fy": 280.0, "fx": 280.0}, {"id": 65, "img_name": "000083", "width": 256, "height": 256, "position": [0.7414783239364622, -0.10440851747989653, 0.9377145171165466], "rotation": [[0.13943572342395782, 0.7737950682640075, -0.6178986430168151], [0.9902310371398926, -0.10895907878875732, 0.08700710535049437], [2.9802318844273397e-08, -0.6239943504333496, -0.7814288139343263]], "fy": 280.0, "fx": 280.0}, {"id": 66, "img_name": "000089", "width": 256, "height": 256, "position": [-0.35522353649139393, 0.9917351603507993, -0.5746976733207704], "rotation": [[-0.9414311051368712, 0.16149269044399256, 0.29601967334747303], [-0.33720546960830683, -0.45086517930030817, -0.826445996761322], [-2.9802322376279932e-08, -0.8778613805770874, 0.47891470789909374]], "fy": 280.0, "fx": 280.0}, {"id": 67, "img_name": "000008", "width": 256, "height": 256, "position": [-0.7392629981040952, 0.24351249635219574, -0.9133409261703493], "rotation": [[-0.3128624558448791, 0.7229081392288207, 0.6160525679588317], [-0.9497983455657958, -0.2381251901388168, -0.20292708277702337], [-5.960463059978182e-08, -0.6486139893531799, 0.7611173391342163]], "fy": 280.0, "fx": 280.0}, {"id": 68, "img_name": "000017", "width": 256, "height": 256, "position": [-0.05974319577217102, -0.5399202704429629, -1.0700079202651978], "rotation": [[0.9939337372779847, 0.0980667769908905, 0.04978596791625022], [-0.10998061299324037, 0.8862637877464296, 0.4499332010746003], [-1.8626433729353194e-08, -0.45267927646636963, 0.891672909259796]], "fy": 280.0, "fx": 280.0}, {"id": 69, "img_name": "000088", "width": 256, "height": 256, "position": [-0.7445414066314697, -0.883259057998657, 0.3248256742954253], "rotation": [[0.7645936608314514, -0.1744618266820908, 0.6204511523246765], [-0.6445126533508301, -0.20696631073951718, 0.7360492348670961], [-5.3438759394347073e-17, -0.9626671075820923, -0.27068799734115595]], "fy": 280.0, "fx": 280.0}, {"id": 70, "img_name": "000055", "width": 256, "height": 256, "position": [-0.19799084961414332, -0.4578207433223724, 1.0914208889007564], "rotation": [[0.9178464412689209, -0.36101967096328735, 0.16499243676662442], [-0.39693540334701544, -0.8347973823547363, 0.3815173506736755], [-5.9604637689767414e-08, -0.4156657457351684, -0.9095174074172971]], "fy": 280.0, "fx": 280.0}, {"id": 71, "img_name": "000023", "width": 256, "height": 256, "position": [0.19224578142166138, -0.7871174216270447, -0.885148108005524], "rotation": [[0.9714446663856505, -0.17501297593116757, -0.16020484268665314], [0.2372659593820572, 0.7165603637695311, 0.6559310555458068], [7.450576158767254e-09, -0.6752119064331056, 0.7376233935356141]], "fy": 280.0, "fx": 280.0}, {"id": 72, "img_name": "000070", "width": 256, "height": 256, "position": [-1.0429965257644653, -0.5881972312927245, -0.07862838357686998], "rotation": [[0.4912198781967163, 0.05707360431551934, 0.869163751602173], [-0.871035635471344, 0.032186664640903466, 0.49016416072845453], [-1.4714893836608952e-07, -0.9978509545326233, 0.06552381813526154]], "fy": 280.0, "fx": 280.0}, {"id": 73, "img_name": "000043", "width": 256, "height": 256, "position": [0.44740912318229675, -0.8598164319992062, -0.7074888944625854], "rotation": [[0.8870881795883179, -0.27214744687080383, -0.37284088134765625], [0.4616000056266785, 0.5230042934417723, 0.7165137529373167], [1.4901161193653555e-08, -0.8077142238616944, 0.5895742177963257]], "fy": 280.0, "fx": 280.0}, {"id": 74, "img_name": "000003", "width": 256, "height": 256, "position": [0.9126633405685424, 0.768281877040863, -0.12957070767879486], "rotation": [[-0.6440001130104064, -0.08260405063629155, -0.7605528235435487], [0.7650255560874938, -0.06953620910644531, -0.6402349472045898], [4.097819684205628e-08, -0.9941535592079165, 0.10797553509473803]], "fy": 280.0, "fx": 280.0}, {"id": 75, "img_name": "000051", "width": 256, "height": 256, "position": [0.1822012662887573, -1.174934387207031, -0.16226994991302482], "rotation": [[0.9881887435913087, -0.02072216011583805, -0.15183441340923307], [0.15324197709560394, 0.1336279660463333, 0.9791120290756226], [2.0489094865348393e-08, -0.9908148050308225, 0.13522514700889585]], "fy": 280.0, "fx": 280.0}, {"id": 76, "img_name": "000076", "width": 256, "height": 256, "position": [0.08979954570531846, -0.1730664819478988, 1.184053897857666], "rotation": [[0.8876258134841919, 0.45444503426551824, -0.07483294606208803], [0.46056514978408813, -0.8758307695388794, 0.14422203600406644], [-7.450579707851837e-09, -0.16248066723346707, -0.9867116212844849]], "fy": 280.0, "fx": 280.0}, {"id": 77, "img_name": "000084", "width": 256, "height": 256, "position": [-0.5832274556159974, -0.26030308008193975, 1.0159171819686887], "rotation": [[0.4075642228126526, -0.7730932235717775, 0.48602291941642756], [-0.9131765365600586, -0.3450429737567902, 0.2169192135334015], [1.49011612317094e-08, -0.5322332382202148, -0.8465977907180785]], "fy": 280.0, "fx": 280.0}, {"id": 78, "img_name": "000079", "width": 256, "height": 256, "position": [-0.87827467918396, -0.1870739609003067, 0.7960130572319031], "rotation": [[0.2083281278610229, -0.6487897634506224, 0.731895625591278], [-0.978058934211731, -0.13819326460361478, 0.15589495003223425], [7.450580601191938e-09, -0.7483144402503966, -0.6633442044258117]], "fy": 280.0, "fx": 280.0}, {"id": 79, "img_name": "000014", "width": 256, "height": 256, "position": [0.23731929063796992, -1.1617356538772583, -0.1845267415046692], "rotation": [[0.9797659516334533, -0.03077703714370727, -0.19776605069637293], [0.20014655590057373, 0.1506611555814743, 0.9681127071380614], [5.58793331611189e-08, -0.9881060719490051, 0.15377259254455566]], "fy": 280.0, "fx": 280.0}, {"id": 80, "img_name": "000096", "width": 256, "height": 256, "position": [0.5905563235282899, 0.8420435786247251, 0.6182280778884887], "rotation": [[-0.8187172412872314, 0.2958203852176666, -0.49213027954101574], [0.5741967558860779, 0.4217949211597443, -0.7017030119895937], [-4.7577278164457514e-17, -0.8570760488510132, -0.5151900053024292]], "fy": 280.0, "fx": 280.0}, {"id": 81, "img_name": "000034", "width": 256, "height": 256, "position": [-0.82413250207901, -0.8359102010726929, -0.24911803007125852], "rotation": [[0.7121056318283081, 0.14574913680553436, 0.6867769956588745], [-0.7020722627639772, 0.14783211052417752, 0.6965916752815245], [-1.4156100294664668e-07, -0.9782140254974364, 0.2075984925031662]], "fy": 280.0, "fx": 280.0}, {"id": 82, "img_name": "000035", "width": 256, "height": 256, "position": [0.9493402242660521, 0.3247198462486266, -0.6582625508308412], "rotation": [[-0.3236389458179473, -0.5190294981002807, -0.7911168932914735], [0.9461805224418639, -0.17753289639949793, -0.27059984207153315], [4.470347291626511e-08, -0.8361161947250365, 0.5485521554946899]], "fy": 280.0, "fx": 280.0}, {"id": 83, "img_name": "000020", "width": 256, "height": 256, "position": [0.242897629737854, -1.0016102790832522, -0.6146363019943238], "rotation": [[0.9718316793441772, -0.12071260064840318, -0.20241469144821161], [0.23567615449428553, 0.4977690875530241, 0.8346748948097229], [2.9802304629742916e-08, -0.8588677048683167, 0.5121968388557434]], "fy": 280.0, "fx": 280.0}, {"id": 84, "img_name": "000007", "width": 256, "height": 256, "position": [1.035573124885559, 0.3369295597076416, -0.5040506720542909], "rotation": [[-0.3093918561935425, -0.3994326889514923, -0.8629775047302247], [0.9509345889091494, -0.12995758652687073, -0.28077462315559387], [1.713633111001637e-07, -0.9075045585632324, 0.420042097568512]], "fy": 280.0, "fx": 280.0}, {"id": 85, "img_name": "000078", "width": 256, "height": 256, "position": [0.5296984314918517, 0.27557435631752014, -1.0409027338027954], "rotation": [[-0.4615252315998077, -0.769510507583618, -0.44141513109207164], [0.8871267437934875, -0.4003360867500305, -0.22964531183242798], [1.7881376381676665e-07, -0.4975784122943878, 0.8674184679985046]], "fy": 280.0, "fx": 280.0}, {"id": 86, "img_name": "000052", "width": 256, "height": 256, "position": [0.5063543915748595, 1.01068639755249, 0.402639240026474], "rotation": [[-0.8940691947937012, 0.1502948552370071, -0.4219619631767273], [0.44792908430099476, 0.2999894618988036, -0.8422386646270751], [-0.0, -0.9420286417007446, -0.3355327248573304]], "fy": 280.0, "fx": 280.0}, {"id": 87, "img_name": "000094", "width": 256, "height": 256, "position": [1.0207630395889282, -0.25296494364738464, 0.5779713988304138], "rotation": [[0.24054306745529175, 0.46750110387802124, -0.8506360650062559], [0.9706384539604188, -0.11585586518049242, 0.21080414950847626], [-7.45058057238155e-09, -0.8763675093650818, -0.4816428720951081]], "fy": 280.0, "fx": 280.0}, {"id": 88, "img_name": "000097", "width": 256, "height": 256, "position": [0.6368014812469482, -0.36644199490547186, -0.9487910866737365], "rotation": [[0.4987588822841643, -0.6852965950965881, -0.5306674838066101], [0.8667407035827637, 0.3943479955196381, 0.3053679466247559], [1.7881376382981585e-07, -0.612256109714508, 0.7906588912010193]], "fy": 280.0, "fx": 280.0}, {"id": 89, "img_name": "000047", "width": 256, "height": 256, "position": [-0.9095339775085451, -0.11325686424970631, -0.7745453119277953], "rotation": [[0.12356753647327423, 0.640507936477661, 0.7579448819160459], [-0.9923360943794252, 0.07975711673498154, 0.09438057988882066], [-6.70552040397867e-08, -0.7637984752655029, 0.6454544663429261]], "fy": 280.0, "fx": 280.0}, {"id": 90, "img_name": "000080", "width": 256, "height": 256, "position": [0.5943414568901062, -0.8994060754776002, -0.5270926952362062], "rotation": [[0.8342965841293337, -0.24216225743293762, -0.49528449773788447], [0.55131596326828, 0.3664597570896148, 0.7495050430297852], [1.4901157670452221e-08, -0.8983676433563231, 0.43924400210380554]], "fy": 280.0, "fx": 280.0}, {"id": 91, "img_name": "000009", "width": 256, "height": 256, "position": [0.27187314629554743, 0.14592753350734705, 1.1596508026123042], "rotation": [[-0.47292932868003845, 0.8514736294746398, -0.2265610694885254], [0.8810999989509584, 0.457027405500412, -0.12160618603229521], [2.0861612879981804e-07, -0.2571341693401336, -0.9663755893707273]], "fy": 280.0, "fx": 280.0}, {"id": 92, "img_name": "000021", "width": 256, "height": 256, "position": [0.39166089892387385, 1.0065767765045166, -0.5228817462921143], "rotation": [[-0.9319376349449158, -0.15800559520721436, -0.32638403773307795], [0.36261868476867676, -0.4060777425765991, -0.838813841342926], [-1.4901161175584612e-08, -0.9000750780105592, 0.4357348680496216]], "fy": 280.0, "fx": 280.0}, {"id": 93, "img_name": "000042", "width": 256, "height": 256, "position": [-0.500352680683136, 0.4805967211723328, -0.9791190624237063], "rotation": [[-0.6927254796028137, 0.5884516835212708, 0.4169605970382689], [-0.7212013602256774, -0.5652171969413758, -0.4004973173141479], [9.058670616771961e-17, -0.5781471729278562, 0.8159325122833253]], "fy": 280.0, "fx": 280.0}, {"id": 94, "img_name": "000031", "width": 256, "height": 256, "position": [0.5440564155578614, 0.9090726971626282, -0.5635506510734558], "rotation": [[-0.8580700159072876, -0.24116808176040647, -0.4533804655075074], [0.5135327577590942, -0.40297147631645214, -0.757560670375824], [5.960464479098618e-08, -0.8828657865524293, 0.46962541341781616]], "fy": 280.0, "fx": 280.0}, {"id": 95, "img_name": "000066", "width": 256, "height": 256, "position": [-0.03089654259383678, 1.1811871528625488, -0.20938655734062192], "rotation": [[-0.9996580481529236, 0.00456258002668619, 0.025747114792466164], [-0.02614825032651424, -0.17442916333675382, -0.9843224883079529], [-3.259628567210745e-09, -0.984659194946289, 0.17448873817920682]], "fy": 280.0, "fx": 280.0}, {"id": 96, "img_name": "000059", "width": 256, "height": 256, "position": [-0.007915872149169447, 1.1385287046432495, 0.37906482815742487], "rotation": [[-0.999975860118866, -0.0021962244063615803, 0.006596559658646584], [-0.0069525535218417645, 0.3158797323703766, -0.9487738013267518], [6.984919870284986e-10, -0.9487966895103456, -0.3158873617649078]], "fy": 280.0, "fx": 280.0}, {"id": 97, "img_name": "000045", "width": 256, "height": 256, "position": [-1.1765336990356445, 0.003376713022589684, -0.2361297011375427], "rotation": [[-0.002870058175176381, 0.19677394628524775, 0.9804446697235109], [-0.9999958276748656, -0.0005647199577651917, -0.002814032137393952], [-1.1594964632877587e-07, -0.9804487228393552, 0.19677469134330747]], "fy": 280.0, "fx": 280.0}, {"id": 98, "img_name": "000091", "width": 256, "height": 256, "position": [-0.39777433872222895, -0.6759829521179199, -0.9081974029541017], "rotation": [[0.8618577122688293, 0.38382706046104437, 0.3314785361289978], [-0.5071501135826111, 0.6522807478904726, 0.5633190274238586], [4.201256948601728e-17, -0.6536102294921877, 0.756831169128418]], "fy": 280.0, "fx": 280.0}, {"id": 99, "img_name": "000057", "width": 256, "height": 256, "position": [-0.4332702159881591, 0.9618668556213378, 0.5719168782234192], "rotation": [[-0.9117688536643983, -0.19574032723903656, 0.36105853319168096], [-0.41070371866226196, 0.43454667925834656, -0.8015557527542113], [-1.4901161239464847e-08, -0.8791216611862182, -0.47659742832183843]], "fy": 280.0, "fx": 280.0}, {"id": 100, "img_name": "000092", "width": 256, "height": 256, "position": [-0.8482894301414492, -0.5681917071342468, 0.6305260658264159], "rotation": [[0.5565060377120973, -0.43655699491500854, 0.706907868385315], [-0.8308433890342715, -0.29240953922271734, 0.4734928607940675], [-1.6391270202822433e-07, -0.8508315086364746, -0.5254383087158203]], "fy": 280.0, "fx": 280.0}, {"id": 101, "img_name": "000049", "width": 256, "height": 256, "position": [-0.6589152216911315, 0.10329832881689072, -0.9975770115852356], "rotation": [[-0.15487851202487948, 0.8212831616401672, 0.5490961074829103], [-0.9879333972930909, -0.12875276803970337, -0.08608195930719377], [-5.215405353248741e-08, -0.5558026432991028, 0.8313141465187076]], "fy": 280.0, "fx": 280.0}, {"id": 102, "img_name": "000095", "width": 256, "height": 256, "position": [-0.980342924594879, -0.2521494626998901, 0.6444756388664244], "rotation": [[0.24909785389900202, -0.5201337933540343, 0.8169522881507872], [-0.9684783816337584, -0.13378125429153442, 0.21012450754642487], [7.450580594625165e-09, -0.843542218208313, -0.5370629429817201]], "fy": 280.0, "fx": 280.0}, {"id": 103, "img_name": "000071", "width": 256, "height": 256, "position": [1.0811389684677124, 0.46993553638458263, -0.22427561879158026], "rotation": [[-0.3986370265483856, -0.17140421271324158, -0.9009488821029664], [0.9171086549758912, -0.07450371235609056, -0.39161300659179693], [1.5646214990843918e-07, -0.9823795557022096, 0.18689614534378055]], "fy": 280.0, "fx": 280.0}, {"id": 104, "img_name": "000004", "width": 256, "height": 256, "position": [-0.96776819229126, 0.4636568427085876, 0.5370726585388181], "rotation": [[-0.4320705831050873, -0.4036278128623963, 0.806473433971405], [-0.9018397331237793, 0.19337776303291318, -0.38638073205947876], [-4.470348003737821e-08, -0.8942536115646362, -0.4475605487823486]], "fy": 280.0, "fx": 280.0}, {"id": 105, "img_name": "000038", "width": 256, "height": 256, "position": [1.064602851867676, -0.35450622439384455, -0.42537787556648254], "rotation": [[0.31593811511993414, -0.336325079202652, -0.887168824672699], [0.9487797617912294, 0.1119942292571068, 0.29542174935340876], [2.2351731842459474e-07, -0.9350628852844238, 0.3544815182685852]], "fy": 280.0, "fx": 280.0}, {"id": 106, "img_name": "000086", "width": 256, "height": 256, "position": [-0.16734664142131805, -1.0999226570129397, -0.44962868094444264], "rotation": [[0.988623261451721, 0.05635837092995644, 0.13945549726486206], [-0