[{"id": 0, "img_name": "000092", "width": 256, "height": 256, "position": [-0.15194639563560483, 0.8862777948379517, -0.794622004032135], "rotation": [[-0.9856197237968445, 0.11189464479684831, 0.12662197649478912], [-0.16897790133953097, -0.6526626348495482, -0.7385647296905519], [-7.4505787954963355e-09, -0.7493403553962706, 0.6621848940849304]], "fy": 280.0, "fx": 280.0}, {"id": 1, "img_name": "000049", "width": 256, "height": 256, "position": [-0.5325754880905151, -0.9946833848953249, -0.40861755609512324], "rotation": [[0.8815872073173524, 0.16073025763034823, 0.44381275773048395], [-0.4720211625099182, 0.30019354820251476, 0.8289026021957397], [-7.450577755448807e-08, -0.9402389526367188, 0.3405148386955261]], "fy": 280.0, "fx": 280.0}, {"id": 2, "img_name": "000095", "width": 256, "height": 256, "position": [-0.7626842260360719, -0.7666491270065304, 0.5201559662818909], "rotation": [[0.7089375853538513, -0.3057090938091278, 0.6355701684951783], [-0.7052711844444275, -0.3072983026504517, 0.6388741731643676], [-2.9802318838172652e-08, -0.9011712074279787, -0.43346318602561956]], "fy": 280.0, "fx": 280.0}, {"id": 3, "img_name": "000071", "width": 256, "height": 256, "position": [-0.21842241287231443, 0.9757478833198544, -0.6634817123413087], "rotation": [[-0.9758492708206177, 0.12077861279249191, 0.18201869726181033], [-0.2184451222419739, -0.5395483374595641, -0.8131232261657715], [-2.2351741775168783e-08, -0.8332468271255492, 0.5529013276100159]], "fy": 280.0, "fx": 280.0}, {"id": 4, "img_name": "000004", "width": 256, "height": 256, "position": [-0.29237958788871765, -0.8668131828308104, -0.7766267061233522], "rotation": [[0.947548508644104, 0.20684929192066195, 0.24364964663982394], [-0.31961190700531006, 0.6132428646087649, 0.7223443388938905], [1.4901161175267661e-08, -0.762329638004303, 0.6471889019012451]], "fy": 280.0, "fx": 280.0}, {"id": 5, "img_name": "000038", "width": 256, "height": 256, "position": [-1.1280949115753172, -0.28970113396644587, 0.288919597864151], "rotation": [[0.24873459339141848, -0.23319928348064423, 0.9400791525840758], [-0.9685714840888976, -0.059886906296014765, 0.2414174228906631], [-1.2293452300056643e-07, -0.9705829620361329, -0.24076630175113678]], "fy": 280.0, "fx": 280.0}, {"id": 6, "img_name": "000086", "width": 256, "height": 256, "position": [0.3326786458492279, -1.1247605085372923, 0.2534530758857727], "rotation": [[0.9589335322380066, 0.059905894100666046, -0.2772322595119476], [0.2836308181285857, -0.20253705978393555, 0.9373004436492918], [3.725289943297094e-08, -0.9774404764175414, -0.21121074259281156]], "fy": 280.0, "fx": 280.0}, {"id": 7, "img_name": "000015", "width": 256, "height": 256, "position": [-0.19546350836753845, -0.9648725390434264, 0.686159312725067], "rotation": [[0.9800914525985717, -0.11352878808975217, 0.1628862619400024], [-0.19854651391506198, -0.5604156851768493, 0.8040604591369629], [-7.450579720716875e-09, -0.8203933835029601, -0.5717994570732116]], "fy": 280.0, "fx": 280.0}, {"id": 8, "img_name": "000022", "width": 256, "height": 256, "position": [1.0553025007247923, 0.5433879494667053, 0.1762564182281494], "rotation": [[-0.45778828859329235, 0.1305854767560959, -0.8794186115264891], [0.8890610933303834, 0.06723995506763458, -0.4528233706951142], [1.862644438337506e-08, -0.9891542196273804, -0.1468802988529205]], "fy": 280.0, "fx": 280.0}, {"id": 9, "img_name": "000077", "width": 256, "height": 256, "position": [-1.0739400386810307, 0.1986800134181976, 0.4971709549427032], "rotation": [[-0.1819142401218414, -0.40739601850509644, 0.8949500322341921], [-0.9833143949508666, 0.07536876201629637, -0.1655667722225189], [-1.0430811414549231e-07, -0.9101362228393555, -0.4143091142177581]], "fy": 280.0, "fx": 280.0}, {"id": 10, "img_name": "000030", "width": 256, "height": 256, "position": [1.1895376443862913, -0.08645117282867433, 0.13238790631294248], "rotation": [[0.07248507440090178, 0.11003315448760986, -0.9912814497947695], [0.997369647026062, -0.007996671833097936, 0.07204269617795944], [4.377217521662106e-08, -0.9938959479331971, -0.11032326519489288]], "fy": 280.0, "fx": 280.0}, {"id": 11, "img_name": "000075", "width": 256, "height": 256, "position": [-0.48822447657585133, 0.7167388200759887, -0.8294112086296082], "rotation": [[-0.826474666595459, 0.3891139328479766, 0.406853586435318], [-0.5629737377166746, -0.5712394714355469, -0.5972822308540344], [-4.470347282290924e-08, -0.7226865887641905, 0.6911757588386533]], "fy": 280.0, "fx": 280.0}, {"id": 12, "img_name": "000068", "width": 256, "height": 256, "position": [-0.5844121575355528, 0.4303015470504761, -0.9556688070297238], "rotation": [[-0.592914938926697, 0.6413055062294006, 0.48701012134552], [-0.8052650094032289, -0.47219201922416687, -0.35858461260795604], [-2.980231535158909e-08, -0.6047824025154114, 0.7963905930519104]], "fy": 280.0, "fx": 280.0}, {"id": 13, "img_name": "000062", "width": 256, "height": 256, "position": [0.9375780820846558, -0.04585455358028412, -0.7475591897964479], "rotation": [[0.04884920641779899, -0.6222223043441775, -0.781314790248871], [0.9988059997558595, 0.030431244522333156, 0.03821199759840965], [1.6205001429742955e-07, -0.782248616218567, 0.6229658126831056]], "fy": 280.0, "fx": 280.0}, {"id": 14, "img_name": "000018", "width": 256, "height": 256, "position": [-0.6336857080459594, 0.6159654855728147, 0.811805784702301], "rotation": [[-0.6970098614692689, -0.4850956201553345, 0.5280714631080627], [-0.7170615196228026, 0.47153052687644964, -0.5133045911788939], [2.9802318752653942e-08, -0.7364380955696106, -0.6765049099922181]], "fy": 280.0, "fx": 280.0}, {"id": 15, "img_name": "000073", "width": 256, "height": 256, "position": [0.10810989141464232, -1.114004373550415, 0.43278947472572327], "rotation": [[0.9953240156173706, 0.03483681380748748, -0.09009158611297606], [0.09659242630004886, -0.35897132754325867, 0.9283369779586793], [1.4901161187063961e-08, -0.9326982498168945, -0.36065775156021124]], "fy": 280.0, "fx": 280.0}, {"id": 16, "img_name": "000006", "width": 256, "height": 256, "position": [0.28995782136917103, -0.3318035006523132, 1.1161679029464722], "rotation": [[0.7529929280281067, 0.612058699131012, -0.24163152277469632], [0.6580286026000977, -0.7003887891769408, 0.2765029072761535], [1.4901161098014428e-08, -0.36720520257949824, -0.9301400184631348]], "fy": 280.0, "fx": 280.0}, {"id": 17, "img_name": "000032", "width": 256, "height": 256, "position": [0.288069486618042, 1.113884687423706, -0.3409940600395202], "rotation": [[-0.9681477546691895, -0.07114825397729871, -0.24005788564682004], [0.25037944316864014, -0.2751105427742004, -0.9282371997833251], [-7.450580585051554e-09, -0.958776295185089, 0.28416177630424494]], "fy": 280.0, "fx": 280.0}, {"id": 18, "img_name": "000000", "width": 256, "height": 256, "position": [1.2000000476837158, 3.6227850926489944e-48, 7.347881115511007e-17], "rotation": [[4.930380657631324e-32, -2.220446049250313e-16, -1.0], [1.0, -4.930380657631324e-32, -2.220446049250313e-16], [2.220446049250313e-16, -1.0, -4.930380657631324e-32]], "fy": 280.0, "fx": 280.0}, {"id": 19, "img_name": "000041", "width": 256, "height": 256, "position": [-0.643700182437897, 0.9192996621131897, 0.42489784955978394], "rotation": [[-0.8191521763801575, -0.2030927687883378, 0.5364168286323547], [-0.5735762119293212, 0.2900466918945313, -0.766083002090454], [2.5957417312836643e-17, -0.9352145195007325, -0.35408151149749756]], "fy": 280.0, "fx": 280.0}, {"id": 20, "img_name": "000058", "width": 256, "height": 256, "position": [0.7721409797668458, 0.9178570508956909, -0.03656286746263504], "rotation": [[-0.7652359008789061, -0.01961459964513779, -0.6434506177902223], [0.6437494754791261, -0.023316252976655964, -0.7648807764053346], [9.778879927618419e-08, -0.9995354413986207, 0.030468996614217758]], "fy": 280.0, "fx": 280.0}, {"id": 21, "img_name": "000067", "width": 256, "height": 256, "position": [1.1141763925552368, -0.17270117998123166, 0.41083514690399175], "rotation": [[0.15317425131797788, 0.33832228183746343, -0.9284803867340087], [0.9881992340087892, -0.052441079169511795, 0.14391759037971497], [5.215406418554885e-08, -0.9395680427551271, -0.34236246347427374]], "fy": 280.0, "fx": 280.0}, {"id": 22, "img_name": "000061", "width": 256, "height": 256, "position": [0.03407519683241845, -0.3475925028324127, 1.1480497121810913], "rotation": [[0.9952291250228883, 0.09334061294794083, -0.0283960122615099], [0.09756434708833693, -0.9521437883377075, 0.2896605134010315], [3.725289850686963e-09, -0.2910490036010742, -0.9567080140113831]], "fy": 280.0, "fx": 280.0}, {"id": 23, "img_name": "000027", "width": 256, "height": 256, "position": [1.1381783485412598, 0.07392450422048569, 0.37294152379035955], "rotation": [[-0.06481335312128066, 0.3101310431957245, -0.9484819173812866], [0.9978973865509032, 0.0201430507004261, -0.0616038516163826], [1.1175869473935548e-07, -0.9504803419113159, -0.3107845783233643]], "fy": 280.0, "fx": 280.0}, {"id": 24, "img_name": "000039", "width": 256, "height": 256, "position": [-0.624453902244568, -1.0247062444686892, 0.005843993742018938], "rotation": [[0.8539320826530458, -0.0025342714507132773, 0.5203782916069031], [-0.520384430885315, -0.0041586882434785375, 0.853921949863434], [2.351589500966861e-08, -0.9999881982803346, -0.004870031960308553]], "fy": 280.0, "fx": 280.0}, {"id": 25, "img_name": "000028", "width": 256, "height": 256, "position": [-0.5021004676818848, -0.9635014533996581, 0.5094702839851378], "rotation": [[0.8868096470832825, -0.19620321691036224, 0.4184170663356781], [-0.46213477849960316, -0.37650248408317566, 0.8029178977012635], [-2.980231884887234e-08, -0.9054004549980164, -0.4245584011077881]], "fy": 280.0, "fx": 280.0}, {"id": 26, "img_name": "000064", "width": 256, "height": 256, "position": [0.9609365463256838, -0.7104766368865967, -0.10873956233263016], "rotation": [[0.5945096611976624, -0.07286363840103148, -0.8007803559303284], [0.8040885329246521, 0.053872384130954735, 0.5920636653900146], [1.1548397082930389e-07, -0.9958857893943786, 0.09061642736196517]], "fy": 280.0, "fx": 280.0}, {"id": 27, "img_name": "000063", "width": 256, "height": 256, "position": [-0.42839661240577687, -1.0724706649780273, -0.3260108530521392], "rotation": [[0.9286532998085022, 0.10077785700559615, 0.3569971024990081], [-0.37094894051551813, 0.25229254364967346, 0.8937252759933473], [-5.9604616371560565e-08, -0.9623885750770569, 0.27167573571205134]], "fy": 280.0, "fx": 280.0}, {"id": 28, "img_name": "000072", "width": 256, "height": 256, "position": [-0.5475576519966127, 0.05130308493971825, -1.0665591955184939], "rotation": [[-0.09328568726778026, 0.8849234580993651, 0.4562979042530061], [-0.995639145374298, -0.08291250467300416, -0.04275259003043176], [-3.352759137500811e-08, -0.4582963585853578, 0.888799071311951]], "fy": 280.0, "fx": 280.0}, {"id": 29, "img_name": "000099", "width": 256, "height": 256, "position": [0.3377725183963776, 1.13706636428833, 0.18163199722766876], "rotation": [[-0.9585993885993956, 0.04310094937682153, -0.28147709369659424], [0.2847578525543213, 0.14509356021881104, -0.9475550651550292], [-6.858948552065204e-18, -0.9884786605834962, -0.1513600647449493]], "fy": 280.0, "fx": 280.0}, {"id": 30, "img_name": "000085", "width": 256, "height": 256, "position": [-0.9957953691482546, 0.14696200191974637, 0.6532943248748779], "rotation": [[-0.14600108563899994, -0.5385782122611998, 0.829829514026642], [-0.989284336566925, 0.0794847384095192, -0.12246835976839066], [-1.4901159407575898e-08, -0.8388178944587706, -0.5444119572639465]], "fy": 280.0, "fx": 280.0}, {"id": 31, "img_name": "000065", "width": 256, "height": 256, "position": [-1.1905601024627686, -0.0018794885836541655, -0.1502106338739396], "rotation": [[0.0015785814030095937, 0.12517541646957395, 0.9921332597732544], [-0.999998688697815, 0.00019754044478759178, 0.0015660988865420224], [-1.385341974466811e-08, -0.9921344518661499, 0.12517550587654114]], "fy": 280.0, "fx": 280.0}, {"id": 32, "img_name": "000050", "width": 256, "height": 256, "position": [0.7106404304504395, 0.663177192211151, -0.7036948204040527], "rotation": [[-0.6822702884674073, -0.4287259876728058, -0.592200458049774], [0.7311000823974609, -0.40009158849716187, -0.5526476502418518], [1.4901161124817862e-08, -0.8100128173828126, 0.5864121913909913]], "fy": 280.0, "fx": 280.0}, {"id": 33, "img_name": "000081", "width": 256, "height": 256, "position": [-0.08362131565809247, 0.2582551538944244, 1.1688934564590454], "rotation": [[-0.9513709545135498, -0.30006235837936407, 0.06968442350625993], [-0.3080476224422455, 0.9267093539237977, -0.21521261334419253], [-1.3518046132234534e-17, -0.22621315717697146, -0.974077880382538]], "fy": 280.0, "fx": 280.0}, {"id": 34, "img_name": "000029", "width": 256, "height": 256, "position": [0.17871208488941187, -0.17178580164909363, 1.1741174459457395], "rotation": [[0.6929981112480166, 0.7053895592689515, -0.14892674982547763], [0.7209394574165345, -0.6780509352684021, 0.1431548297405243], [3.7252899448465836e-08, -0.20657315850257868, -0.978431224822998]], "fy": 280.0, "fx": 280.0}, {"id": 35, "img_name": "000090", "width": 256, "height": 256, "position": [0.5600815415382384, 0.033014886081218706, -1.060763120651245], "rotation": [[-0.05884427204728125, -0.882437527179718, -0.46673461794853205], [0.9982671141624451, -0.05201659724116325, -0.027512447908520688], [9.872017159302096e-08, -0.4675447642803191, 0.883969247341156]], "fy": 280.0, "fx": 280.0}, {"id": 36, "img_name": "000040", "width": 256, "height": 256, "position": [-0.6763834953308104, 0.3964517116546631, 0.908477544784546], "rotation": [[-0.505673050880432, -0.6531387567520142, 0.5636528730392456], [-0.8627252578735352, 0.38282722234725947, -0.330376386642456], [-2.980232588519771e-08, -0.6533399820327759, -0.7570645809173584]], "fy": 280.0, "fx": 280.0}, {"id": 37, "img_name": "000013", "width": 256, "height": 256, "position": [-0.6773034334182738, 0.46624627709388744, -0.8739991784095763], "rotation": [[-0.5670242905616761, 0.599928379058838, 0.5644195079803468], [-0.8237010240554811, -0.41298234462738037, -0.3885385394096375], [-2.980231884457694e-08, -0.6852237582206727, 0.7283326387405393]], "fy": 280.0, "fx": 280.0}, {"id": 38, "img_name": "000074", "width": 256, "height": 256, "position": [-0.9839844107627871, 0.3300426304340362, 0.602367639541626], "rotation": [[-0.318002998828888, -0.4759154021739961, 0.8199869394302369], [-0.9480896592140198, 0.1596288979053497, -0.2750354707241058], [1.490116122217772e-08, -0.864883303642273, -0.5019729733467101]], "fy": 280.0, "fx": 280.0}, {"id": 39, "img_name": "000053", "width": 256, "height": 256, "position": [-0.02342762239277363, -0.2535392343997956, -1.172675967216492], "rotation": [[0.9957579970359802, 0.08991530537605286, 0.019523013383150104], [-0.09201038628816605, 0.9730845093727112, 0.21128256618976596], [-5.587934120322046e-09, -0.21218262612819672, 0.9772298932075502]], "fy": 280.0, "fx": 280.0}, {"id": 40, "img_name": "000044", "width": 256, "height": 256, "position": [0.6523798108100892, -0.21699881553649897, 0.9835204482078551], "rotation": [[0.3156239092350006, 0.7777058482170105, -0.5436497330665588], [0.9488843083381653, -0.25868543982505793, 0.18083222210407254], [2.9802318829354013e-08, -0.5729357600212097, -0.8196002840995789]], "fy": 280.0, "fx": 280.0}, {"id": 41, "img_name": "000019", "width": 256, "height": 256, "position": [0.7662892937660218, -0.1354174762964249, 0.9134893417358397], "rotation": [[0.17402213811874387, 0.7496259212493896, -0.6385744214057923], [0.9847418069839478, -0.13247282803058627, 0.11284792423248291], [-7.450580565159791e-09, -0.6484689712524414, -0.7612411975860595]], "fy": 280.0, "fx": 280.0}, {"id": 42, "img_name": "000026", "width": 256, "height": 256, "position": [-0.4897126853466035, -0.1915255784988403, 1.0786561965942383], "rotation": [[0.3642325103282928, -0.8371343016624452, 0.408093959093094], [-0.9313080310821532, -0.3274013698101042, 0.15960462391376495], [2.3235145309368812e-17, -0.43819439411163336, -0.898880183696747]], "fy": 280.0, "fx": 280.0}, {"id": 43, "img_name": "000082", "width": 256, "height": 256, "position": [-0.18034861981868744, 0.8205303549766542, 0.8568574190139768], "rotation": [[-0.9766863584518432, -0.15328530967235568, 0.15029048919677737], [-0.21467094123363498, 0.6974006891250611, -0.6837752461433412], [7.450579731800585e-09, -0.7000970244407655, -0.7140477299690245]], "fy": 280.0, "fx": 280.0}, {"id": 44, "img_name": "000036", "width": 256, "height": 256, "position": [1.001338601112366, -0.6507489681243898, -0.11767095327377318], "rotation": [[0.544917106628418, -0.08222165703773497, -0.8344488143920901], [0.8384898900985718, 0.053434062749147415, 0.5422908067703246], [-5.960463766629902e-08, -0.9951804876327514, 0.09805916249752043]], "fy": 280.0, "fx": 280.0}, {"id": 45, "img_name": "000069", "width": 256, "height": 256, "position": [-1.149870991706848, 0.04318669065833091, -0.3404872119426728], "rotation": [[-0.03753120824694633, 0.2835394740104675, 0.9582257270812987], [-0.9992953538894652, -0.010649015195667745, -0.03598896786570548], [-2.877785334490725e-07, -0.9589012861251832, 0.2837392091751099]], "fy": 280.0, "fx": 280.0}, {"id": 46, "img_name": "000037", "width": 256, "height": 256, "position": [0.6070173978805544, -0.08947584033012393, 1.031273126602173], "rotation": [[0.14582680165767672, 0.8502073884010315, -0.5058478116989137], [0.9893101453781129, -0.12532268464565277, 0.07456324249506], [3.725290298958982e-08, -0.5113136172294617, -0.8593941926956178]], "fy": 280.0, "fx": 280.0}, {"id": 47, "img_name": "000054", "width": 256, "height": 256, "position": [-0.1124984845519066, -0.6786588430404663, -0.9832426309585569], "rotation": [[0.9865375757217407, 0.13399489223957062, 0.09374869614839555], [-0.1635342389345169, 0.8083381056785585, 0.5655487179756166], [-7.45057705200843e-09, -0.5732663273811339, 0.8193687200546265]], "fy": 280.0, "fx": 280.0}, {"id": 48, "img_name": "000033", "width": 256, "height": 256, "position": [-0.047802034765481935, -0.8040603995323179, -0.8894954323768616], "rotation": [[0.9982374906539916, 0.04399000480771065, 0.03983502835035324], [-0.0593460127711296, 0.7399396896362305, 0.6700502634048463], [-3.725289858399884e-09, -0.6712332963943481, 0.7412461638450623]], "fy": 280.0, "fx": 280.0}, {"id": 49, "img_name": "000060", "width": 256, "height": 256, "position": [-0.165428102016449, -0.6098281741142272, 1.0201685428619385], "rotation": [[0.9651199579238892, -0.22257363796234128, 0.1378567665815353], [-0.2618081569671631, -0.8204872608184816, 0.508190095424652], [-2.235174176168377e-08, -0.5265564918518066, -0.8501402139663697]], "fy": 280.0, "fx": 280.0}, {"id": 50, "img_name": "000024", "width": 256, "height": 256, "position": [0.08607288450002668, 1.1002184152603145, -0.47128587961196905], "rotation": [[-0.9969536066055298, -0.030631314963102337, -0.07172739505767821], [0.07799421250820161, -0.3915419280529022, -0.9168487191200256], [3.725288964944845e-09, -0.9196500778198243, 0.3927381336688996]], "fy": 280.0, "fx": 280.0}, {"id": 51, "img_name": "000002", "width": 256, "height": 256, "position": [0.46828466653823847, 0.10955087095499037, 1.099412441253662], "rotation": [[-0.22779053449630735, 0.892090916633606, -0.39023721218109125], [0.9737100601196289, 0.20869648456573484, -0.09129241108894348], [2.235174001430999e-08, -0.4007734954357147, -0.9161770939826965]], "fy": 280.0, "fx": 280.0}, {"id": 52, "img_name": "000046", "width": 256, "height": 256, "position": [-0.3995880782604217, -0.8484693765640261, -0.7486183047294617], "rotation": [[0.9046919345855713, 0.26580083370208735, 0.3329900205135345], [-0.42606621980667114, 0.56439071893692, 0.7070575952529907], [-0.0, -0.7815452218055725, 0.6238484978675842]], "fy": 280.0, "fx": 280.0}, {"id": 53, "img_name": "000016", "width": 256, "height": 256, "position": [-0.8593139052391049, 0.8085783123970033, 0.21858802437782288], "rotation": [[-0.6852802634239197, -0.13266091048717502, 0.7160947918891908], [-0.7282792329788207, 0.12482833862304685, -0.6738152503967285], [-2.2351736443959388e-08, -0.9832693338394165, -0.18215669691562653]], "fy": 280.0, "fx": 280.0}, {"id": 54, "img_name": "000048", "width": 256, "height": 256, "position": [0.8049843311309812, 0.7202714681625366, 0.5226939916610719], "rotation": [[-0.6668063402175906, 0.3246064782142638, -0.6708202958106996], [0.7452310323715212, 0.2904463410377503, -0.6002262830734254], [-1.490115942782526e-08, -0.9001507759094238, -0.43557828664779663]], "fy": 280.0, "fx": 280.0}, {"id": 55, "img_name": "000010", "width": 256, "height": 256, "position": [0.581893503665924, 0.4921204447746276, 0.926939785480499], "rotation": [[-0.6457503437995912, 0.5898030400276185, -0.4849112927913665], [0.7635486721992493, 0.4988096952438356, -0.41010040044784546], [-2.980232590964368e-08, -0.6350758671760558, -0.7724497914314269]], "fy": 280.0, "fx": 280.0}, {"id": 56, "img_name": "000087", "width": 256, "height": 256, "position": [-0.8007733821868895, 0.7223921418190004, 0.5262239575386047], "rotation": [[-0.669833242893219, -0.3256061971187591, 0.6673110723495482], [-0.7425116300582886, 0.2937353551387787, -0.601993501186371], [-7.450581306445014e-08, -0.8987215161323548, -0.4385200440883636]], "fy": 280.0, "fx": 280.0}, {"id": 57, "img_name": "000025", "width": 256, "height": 256, "position": [0.7388347983360289, -0.1275370717048645, 0.9369403719902037], "rotation": [[0.17010328173637396, 0.7694046497344973, -0.6156956553459167], [0.9854260683059693, -0.1328138560056686, 0.1062807738780975], [7.450579175647102e-08, -0.6248013973236084, -0.7807836532592773]], "fy": 280.0, "fx": 280.0}, {"id": 58, "img_name": "000056", "width": 256, "height": 256, "position": [-1.0535464286804201, 0.5266521573066711, 0.22951547801494598], "rotation": [[-0.44713130593299866, -0.17107857763767245, 0.8779551982879641], [-0.8944681286811829, 0.08551968634128569, -0.43887683749198914], [-1.6391270209262795e-07, -0.9815386533737182, -0.19126310944557187]], "fy": 280.0, "fx": 280.0}, {"id": 59, "img_name": "000012", "width": 256, "height": 256, "position": [-0.7413477897644047, -0.5991387963294984, 0.728996753692627], "rotation": [[0.6285642385482788, -0.47248560190200817, 0.6177898049354553], [-0.7777576446533202, -0.3818510472774506, 0.49928230047225947], [4.4703483618149615e-08, -0.7943217754364014, -0.6074972152709961]], "fy": 280.0, "fx": 280.0}, {"id": 60, "img_name": "000098", "width": 256, "height": 256, "position": [0.08628279715776443, -1.0484925508499143, 0.577251136302948], "rotation": [[0.9966311454772949, 0.03945272043347359, -0.07190234214067459], [0.08201501518487929, -0.47942203283309953, 0.8737437725067139], [7.450581493051255e-09, -0.8766972422599794, -0.4810426235198975]], "fy": 280.0, "fx": 280.0}, {"id": 61, "img_name": "000001", "width": 256, "height": 256, "position": [7.347881777255497e-17, 1.1999999284744263, -2.6469776446253265e-23], "rotation": [[-0.9999997615814209, -8.227106111196833e-24, -6.123234262925839e-17], [6.123234262925838e-17, -1.3435881385248647e-07, -0.9999998807907102], [8.22710611119683e-24, -0.9999998807907104, -1.343588138524865e-07]], "fy": 280.0, "fx": 280.0}, {"id": 62, "img_name": "000005", "width": 256, "height": 256, "position": [0.6759229898452759, 0.042678985744714744, -0.9906090497970583], "rotation": [[-0.06301622092723845, -0.8238668441772462, -0.5632691979408263], [0.9980124235153197, -0.05202042683959008, -0.035565830767154694], [2.7939670129411356e-08, -0.5643909573554993, 0.8255075216293335]], "fy": 280.0, "fx": 280.0}, {"id": 63, "img_name": "000093", "width": 256, "height": 256, "position": [0.5150833129882814, -0.44455206394195557, 0.9884648919105528], "rotation": [[0.6533734798431393, 0.6235859990119933, -0.42923608422279363], [0.7570357322692872, -0.5381972789764404, 0.3704600334167481], [9.145136798818863e-17, -0.5669957399368288, -0.8237206935882568]], "fy": 280.0, "fx": 280.0}, {"id": 64, "img_name": "000011", "width": 256, "height": 256, "position": [-0.5477701425552366, -1.0306603908538818, 0.2787239849567413], "rotation": [[0.8830334544181823, -0.10900664329528809, 0.4564751386642456], [-0.46931013464927673, -0.20510213077068326, 0.8588836193084717], [-1.4901161188877709e-08, -0.9726513624191284, -0.2322699725627899]], "fy": 280.0, "fx": 280.0}, {"id": 65, "img_name": "000083", "width": 256, "height": 256, "position": [1.1657071113586426, -0.013493889942765238, 0.28450825810432434], "rotation": [[0.011574895121157168, 0.23707436025142664, -0.9714225530624389], [0.9999330043792725, -0.0027443179860711098, 0.011244854889810087], [-1.862645149259827e-08, -0.9714876413345336, -0.23709024488925928]], "fy": 280.0, "fx": 280.0}, {"id": 66, "img_name": "000089", "width": 256, "height": 256, "position": [0.2660523056983947, -1.1420204639434812, -0.2549612522125244], "rotation": [[0.9739202857017517, -0.04820699617266655, -0.22171020507812497], [0.22689057886600494, 0.20692688226699832, 0.9516834020614625], [5.960460925536897e-08, -0.9771676659584045, 0.2124679982662201]], "fy": 280.0, "fx": 280.0}, {"id": 67, "img_name": "000008", "width": 256, "height": 256, "position": [-0.020316252484917634, -0.7378154993057251, 0.9461584687232968], "rotation": [[0.9996211528778075, -0.021702704951167103, 0.016930213198065758], [-0.027525253593921665, -0.7881665229797363, 0.6148462891578675], [-9.313225770389603e-10, -0.6150792837142943, -0.7884652614593505]], "fy": 280.0, "fx": 280.0}, {"id": 68, "img_name": "000017", "width": 256, "height": 256, "position": [0.3557423651218415, -1.107827067375183, -0.29354098439216614], "rotation": [[0.9521148800849913, -0.07478947192430496, -0.2964519858360291], [0.30574050545692444, 0.23290392756462103, 0.9231893420219421], [-7.450581477660721e-09, -0.9696196913719177, 0.24461747705936432]], "fy": 280.0, "fx": 280.0}, {"id": 69, "img_name": "000088", "width": 256, "height": 256, "position": [-0.39328637719154363, -0.8747380375862125, 0.7212209105491637], "rotation": [[0.9120563864707947, -0.24645611643791196, 0.3277385830879212], [-0.41006490588188177, -0.5481618046760558, 0.7289482951164248], [2.980232599331738e-08, -0.7992359399795531, -0.6010174751281737]], "fy": 280.0, "fx": 280.0}, {"id": 70, "img_name": "000055", "width": 256, "height": 256, "position": [-0.1273220777511597, 0.8511885404586793, 0.8362218737602232], "rotation": [[-0.9889969229698181, -0.10308919101953505, 0.10610172897577289], [-0.14793564379215243, 0.6891841292381287, -0.7093238234519962], [-7.450579706127776e-09, -0.7172153592109679, -0.69685161113739]], "fy": 280.0, "fx": 280.0}, {"id": 71, "img_name": "000023", "width": 256, "height": 256, "position": [0.5184525251388549, 1.0787931680679321, 0.08609281480312346], "rotation": [[-0.9013170003890991, 0.031076647341251366, -0.4320437908172608], [0.43316003680229187, 0.06466411799192427, -0.8989943265914917], [1.6763804559260416e-08, -0.9974230527877808, -0.07174409925937653]], "fy": 280.0, "fx": 280.0}, {"id": 72, "img_name": "000070", "width": 256, "height": 256, "position": [-0.8244932293891907, -0.773955464363098, 0.40150177478790283], "rotation": [[0.6844083070755005, -0.24394549429416665, 0.6870777606964112], [-0.7290989756584167, -0.2289927005767822, 0.6449629068374633], [1.9070240593844716e-17, -0.9423656463623048, -0.33458492159843445]], "fy": 280.0, "fx": 280.0}, {"id": 73, "img_name": "000043", "width": 256, "height": 256, "position": [0.7671722769737241, -0.7231371998786926, 0.5731660127639768], "rotation": [[0.685914158821106, 0.34756907820701605, -0.6393101811408995], [0.7276824712753295, -0.32761883735656744, 0.6026143431663513], [1.4901161262108983e-08, -0.8785564899444581, -0.4776383042335509]], "fy": 280.0, "fx": 280.0}, {"id": 74, "img_name": "000003", "width": 256, "height": 256, "position": [0.4188953340053558, -0.10918194800615308, 1.1191990375518799], "rotation": [[0.2522162795066833, 0.9025133848190307, -0.349079430103302], [0.9676707983016968, -0.2352334558963775, 0.09098502248525617], [4.470348001539751e-08, -0.3607419133186341, -0.9326655864715576]], "fy": 280.0, "fx": 280.0}, {"id": 75, "img_name": "000051", "width": 256, "height": 256, "position": [-0.007959372363984585, 0.8710954189300536, 0.8253058195114136], "rotation": [[-0.9999581575393678, -0.006283888593316078, 0.006632808130234482], [-0.009136815555393694, 0.6877259612083435, -0.7259126901626588], [-4.6566117669385593e-10, -0.7259430289268494, -0.6877547502517701]], "fy": 280.0, "fx": 280.0}, {"id": 76, "img_name": "000076", "width": 256, "height": 256, "position": [0.019163873046636578, 0.8721185922622681, 0.8240401148796083], "rotation": [[-0.9997586011886597, 0.015085856430232527, -0.0159698911011219], [0.02196862362325192, 0.6865342855453492, -0.7267653346061708], [9.31322350998106e-10, -0.7269408106803894, -0.686700165271759]], "fy": 280.0, "fx": 280.0}, {"id": 77, "img_name": "000084", "width": 256, "height": 256, "position": [0.7566258907318114, 0.11637251824140546, 0.924107551574707], "rotation": [[-0.15201701223850245, 0.7611394524574278, -0.630521535873413], [0.988377809524536, 0.11706671863794328, -0.0969770848751068], [7.4505796926212495e-09, -0.637935757637024, -0.7700895667076113]], "fy": 280.0, "fx": 280.0}, {"id": 78, "img_name": "000079", "width": 256, "height": 256, "position": [1.0830339193344116, -0.48197260499000555, -0.18638613820075992], "rotation": [[0.40657812356948864, -0.14190448820590973, -0.9025281667709352], [0.9136158227920533, 0.06315042823553087, 0.4016438126564026], [3.352760558181206e-08, -0.9878637790679933, 0.15532177686691287]], "fy": 280.0, "fx": 280.0}, {"id": 79, "img_name": "000014", "width": 256, "height": 256, "position": [0.5003650784492493, 0.21362037956714627, -1.0695797204971313], "rotation": [[-0.39264264702796936, -0.8197356462478638, -0.41697075963020325], [0.9196907877922059, -0.34996938705444336, -0.17801713943481445], [1.0430802885579683e-07, -0.4533813893795014, 0.8913161754608155]], "fy": 280.0, "fx": 280.0}, {"id": 80, "img_name": "000096", "width": 256, "height": 256, "position": [-0.9575037956237795, -0.2816247940063477, 0.6662383675575255], "rotation": [[0.2821717858314514, -0.5326375365257262, 0.7979199290275576], [-0.95936381816864, -0.156661406159401, 0.23468725383281705], [2.2146724440309272e-17, -0.8317176699638367, -0.5551986694335938]], "fy": 280.0, "fx": 280.0}, {"id": 81, "img_name": "000034", "width": 256, "height": 256, "position": [0.6432055234909058, 0.49442327022552507, -0.8842129111289979], "rotation": [[-0.6094395518302916, -0.5841939449310302, -0.5360046029090881], [0.7928325533866883, -0.44906184077262873, -0.4120193719863892], [2.98023260353576e-08, -0.6760627627372743, 0.7368441224098203]], "fy": 280.0, "fx": 280.0}, {"id": 82, "img_name": "000035", "width": 256, "height": 256, "position": [-1.1399060487747192, -0.30035594105720514, -0.22450099885463712], "rotation": [[0.2547952830791473, 0.18090957403182978, 0.9499216079711915], [-0.9669949412345885, 0.04766819998621939, 0.2502965331077575], [-7.078050856705115e-08, -0.9823438525199889, 0.18708422780036923]], "fy": 280.0, "fx": 280.0}, {"id": 83, "img_name": "000020", "width": 256, "height": 256, "position": [0.28697726130485535, -0.31268128752708435, 1.1224411725997923], "rotation": [[0.7367399930953981, 0.6324732899665834, -0.23914779722690582], [0.676176130771637, -0.6891227960586549, 0.26056778430938726], [2.9802318786591297e-08, -0.3536767661571502, -0.9353677630424498]], "fy": 280.0, "fx": 280.0}, {"id": 84, "img_name": "000007", "width": 256, "height": 256, "position": [0.9102004170417785, 0.19307132065296173, 0.7577985525131224], "rotation": [[-0.20750275254249573, 0.6177537441253662, -0.7585002779960632], [0.9782342910766603, 0.13103774189949038, -0.16089284420013428], [6.705521116526481e-08, -0.7753768563270569, -0.6314986944198608]], "fy": 280.0, "fx": 280.0}, {"id": 85, "img_name": "000078", "width": 256, "height": 256, "position": [-0.48888024687767034, -1.0940160751342773, -0.06422485411167146], "rotation": [[0.9129886627197266, 0.02183564566075802, 0.40740025043487554], [-0.4079850018024445, 0.04886381328105927, 0.911680042743683], [-7.450580597877198e-09, -0.9985667467117311, 0.05352072417736054]], "fy": 280.0, "fx": 280.0}, {"id": 86, "img_name": "000052", "width": 256, "height": 256, "position": [-0.13873833417892453, -1.1757607460021973, -0.1958012729883194], "rotation": [[0.9931100010871888, 0.01912093907594681, 0.11561526358127595], [-0.11718575656414033, 0.16204355657100683, 0.9798005223274232], [-1.676380278871771e-08, -0.9865981936454774, 0.1631677895784378]], "fy": 280.0, "fx": 280.0}, {"id": 87, "img_name": "000094", "width": 256, "height": 256, "position": [0.0459570623934269, 1.1989614963531494, -0.019482590258121487], "rotation": [[-0.9992661476135255, -0.0006218623020686211, -0.03829754516482353], [0.03830259293317794, -0.01622367464005947, -0.9991344809532164], [-1.6298142835498634e-09, -0.9998682141304014, 0.016235521063208577]], "fy": 280.0, "fx": 280.0}, {"id": 88, "img_name": "000097", "width": 256, "height": 256, "position": [0.6070134639739989, -1.0326412916183472, 0.07202097773551941], "rotation": [[0.8620883822441101, 0.030414281412959095, -0.5058444738388062], [0.5067580342292786, -0.05174024775624276, 0.8605343699455259], [2.7939677234915886e-08, -0.998197317123413, -0.06001734733581542]], "fy": 280.0, "fx": 280.0}, {"id": 89, "img_name": "000047", "width": 256, "height": 256, "position": [-0.9357471466064454, 0.49761405587196367, -0.5628122091293333], "rotation": [[-0.4695219397544862, 0.41409888863563543, 0.7797892689704896], [-0.8829208612442018, -0.22021059691905975, -0.41467839479446417], [-1.4901161156497105e-08, -0.883192777633667, 0.46901023387908936]], "fy": 280.0, "fx": 280.0}, {"id": 90, "img_name": "000080", "width": 256, "height": 256, "position": [-0.3433580696582794, 1.0461119413375852, -0.47723659873008734], "rotation": [[-0.9501296281814575, 0.12402368336915971, 0.2861317396163941], [-0.3118544816970826, -0.3778640031814575, -0.8717600107192992], [-3.7252888772131346e-08, -0.9175166487693787, 0.3976970314979553]], "fy": 280.0, "fx": 280.0}, {"id": 91, "img_name": "000009", "width": 256, "height": 256, "position": [1.0285444259643555, -0.36650386452674866, 0.49776580929756165], "rotation": [[0.33565923571586603, 0.3907390534877777, -0.8571205139160155], [0.9419833421707153, -0.13923294842243195, 0.3054197132587433], [1.7136326846571972e-07, -0.9099103212356567, -0.4148046672344208]], "fy": 280.0, "fx": 280.0}, {"id": 92, "img_name": "000021", "width": 256, "height": 256, "position": [-0.7342263460159301, -0.6108897924423217, 0.7264467477798462], "rotation": [[0.6395875811576845, -0.46536079049110424, 0.6118553876876831], [-0.7687181830406189, -0.3871886730194092, 0.509074866771698], [1.490116123409902e-08, -0.7959423661231995, -0.6053724288940429]], "fy": 280.0, "fx": 280.0}, {"id": 93, "img_name": "000042", "width": 256, "height": 256, "position": [0.7082366943359372, -0.18257321417331693, 0.9513506889343263], "rotation": [[0.24962483346462244, 0.7676944732666018, -0.5901972055435178], [0.9683426618576049, -0.19790062308311462, 0.15214434266090388], [-3.7252902961575537e-08, -0.6094921231269835, -0.7927922010421752]], "fy": 280.0, "fx": 280.0}, {"id": 94, "img_name": "000031", "width": 256, "height": 256, "position": [-0.26621490716934204, 1.1172065734863281, -0.3478209376335144], "rotation": [[-0.9727644324302673, 0.06718633323907852, 0.22184574604034424], [-0.23179635405540466, -0.28195649385452276, -0.9310054779052735], [7.450581492048337e-09, -0.9570719003677368, 0.28985077142715454]], "fy": 280.0, "fx": 280.0}, {"id": 95, "img_name": "000066", "width": 256, "height": 256, "position": [0.45419162511825556, 0.1427483558654785, -1.1015137434005735], "rotation": [[-0.29983094334602356, -0.8756963014602663, -0.37849289178848267], [0.9539921283721924, -0.2752236723899842, -0.11895699799060822], [6.705516851333906e-08, -0.3967463672161102, 0.9179279208183286]], "fy": 280.0, "fx": 280.0}, {"id": 96, "img_name": "000059", "width": 256, "height": 256, "position": [0.26679071784019476, 1.0687596797943115, 0.4759994745254518], "rotation": [[-0.9702272415161134, 0.09607031196355821, -0.22232553362846377], [0.2421944290399552, 0.38485628366470354, -0.8906329274177551], [4.470344806535044e-08, -0.9179627299308777, -0.3966663777828217]], "fy": 280.0, "fx": 280.0}, {"id": 97, "img_name": "000045", "width": 256, "height": 256, "position": [0.9071980714797968, 0.3505883812904357, -0.702907979488373], "rotation": [[-0.36047092080116266, -0.5463765263557434, -0.7559983730316163], [0.9327706098556517, -0.2111482471227646, -0.29215696454048157], [-2.980232592146781e-08, -0.8104870915412902, 0.5857567191123962]], "fy": 280.0, "fx": 280.0}, {"id": 98, "img_name": "000091", "width": 256, "height": 256, "position": [0.08721861988306044, 0.5964834094047546, -1.037593603134155], "rotation": [[-0.9894775748252868, -0.125101625919342, -0.07268214225769042], [0.1446827948093415, -0.8555634617805481, -0.4970693290233612], [1.1175860280533372e-08, -0.5023550987243653, 0.8646608591079712]], "fy": 280.0, "fx": 280.0}, {"id": 99, "img_name": "000057", "width": 256, "height": 256, "position": [-0.8565623760223388, -0.30942162871360773, -0.7813831567764282], "rotation": [[0.33974888920783997, 0.6124196052551268, 0.7138018012046814], [-0.9405161738395691, 0.2212282419204712, 0.2578512728214264], [-4.470347288353329e-08, -0.7589468359947203, 0.6511524319648743]], "fy": 280.0, "fx": 280.0}, {"id": 100, "img_name": "000092", "width": 256, "height": 256, "position": [-0.15194639563560483, 0.8862777948379517, -0.794622004032135], "rotation": [[-0.9856197237968445, 0.11189464479684831, 0.12662197649478912], [-0.16897790133953097, -0.6526626348495482, -0.7385647296905519], [-7.4505787954963355e-09, -0.7493403553962706, 0.6621848940849304]], "fy": 280.0, "fx": 280.0}, {"id": 101, "img_name": "000049", "width": 256, "height": 256, "position": [-0.5325754880905151, -0.9946833848953249, -0.40861755609512324], "rotation": [[0.8815872073173524, 0.16073025763034823, 0.44381275773048395], [-0.4720211625099182, 0.30019354820251476, 0.8289026021957397], [-7.450577755448807e-08, -0.9402389526367188, 0.3405148386955261]], "fy": 280.0, "fx": 280.0}, {"id": 102, "img_name": "000095", "width": 256, "height": 256, "position": [-0.7626842260360719, -0.7666491270065304, 0.5201559662818909], "rotation": [[0.7089375853538513, -0.3057090938091278, 0.6355701684951783], [-0.7052711844444275, -0.3072983026504517, 0.6388741731643676], [-2.9802318838172652e-08, -0.9011712074279787, -0.43346318602561956]], "fy": 280.0, "fx": 280.0}, {"id": 103, "img_name": "000071", "width": 256, "height": 256, "position": [-0.21842241287231443, 0.9757478833198544, -0.6634817123413087], "rotation": [[-0.9758492708206177, 0.12077861279249191, 0.18201869726181033], [-0.2184451222419739, -0.5395483374595641, -0.8131232261657715], [-2.2351741775168783e-08, -0.8332468271255492, 0.5529013276100159]], "fy": 280.0, "fx": 280.0}, {"id": 104, "img_name": "000004", "width": 256, "height": 256, "position": [-0.29237958788871765, -0.8668131828308104, -0.7766267061233522], "rotation": [[0.947548508644104, 0.20684929192066195, 0.24364964663982394], [-0.31961190700531006, 0.6132428646087649, 0.7223443388938905], [1.4901161175267661e-08, -0.762329638004303, 0.6471889019012451]], "fy": 280.0, "fx": 280.0}, {"id": 105, "img_name": "000038", "width": 256, "height": 256, "position": [-1.1280949115753172, -0.28970113396644587, 0.288919597864151], "rotation": [[0.24873459339141848, -0.23319928348064423, 0.9400791525840758], [-0.9685714840888976, -0.059886906296014765, 0.2414174228906631], [-1.2293452300056643e-07, -0.9705829620361329, -0.24076630175113678]], "fy": 280.0, "fx": 280.0}, {"id": 106, "img_name": "000086", "width": 256, "height": 256, "position": [0.3326786458492279, -1.1247605085372923, 0.2534530758857727], "rotation": [[0.9589335322380066