[{"id": 0, "img_name": "000092", "width": 256, "height": 256, "position": [-0.9550257325172425, 0.3481580018997192, 0.6377393007278442], "rotation": [[-0.3425039649009706, -0.4993053078651428, 0.7958548069000244], [-0.9395161867141724, 0.18202359974384308, -0.29013171792030334], [-1.4901155512775913e-07, -0.847089946269989, -0.5314494371414183]], "fy": 280.0, "fx": 280.0}, {"id": 1, "img_name": "000049", "width": 256, "height": 256, "position": [-0.11632926762104033, -0.7578999996185303, 0.9230684041976929], "rotation": [[0.9884247183799744, -0.1167006343603134, 0.09694104641675948], [-0.1517122387886047, -0.7603196501731873, 0.6315833330154419], [1.4901161166516967e-08, -0.6389796733856202, -0.769223630428314]], "fy": 280.0, "fx": 280.0}, {"id": 2, "img_name": "000095", "width": 256, "height": 256, "position": [0.31700062751770025, 0.5139241218566895, 1.0370113849639893], "rotation": [[-0.8511111140251162, 0.4536800384521485, -0.26416718959808344], [0.5249856114387511, 0.7355099320411682, -0.4282700717449188], [-1.490116120784635e-08, -0.5031894445419312, -0.8641762137413023]], "fy": 280.0, "fx": 280.0}, {"id": 3, "img_name": "000071", "width": 256, "height": 256, "position": [0.6003167033195498, 0.25267454981803894, 1.0078568458557131], "rotation": [[-0.38793915510177596, 0.7741053104400635, -0.5002638697624208], [0.9216848015785216, 0.3258226215839386, -0.21056213974952698], [7.450579176834028e-08, -0.5427710413932799, -0.8398805856704711]], "fy": 280.0, "fx": 280.0}, {"id": 4, "img_name": "000004", "width": 256, "height": 256, "position": [-0.9737870097160338, 0.6499034166336061, -0.26337131857872015], "rotation": [[-0.5551212430000306, 0.18255354464054113, 0.8114890456199645], [-0.831769347190857, -0.12183586508035661, -0.54158616065979], [-0.0, -0.975617825984955, 0.21947610378265384]], "fy": 280.0, "fx": 280.0}, {"id": 5, "img_name": "000038", "width": 256, "height": 256, "position": [1.0914213657379153, -0.049320094287395484, -0.4963534772396088], "rotation": [[0.0451427660882473, -0.41320639848709106, -0.909517765045166], [0.998980462551117, 0.018672255799174316, 0.04109993204474449], [7.636842980050479e-08, -0.9104458689689637, 0.41362801194190985]], "fy": 280.0, "fx": 280.0}, {"id": 6, "img_name": "000086", "width": 256, "height": 256, "position": [-0.2870686054229736, 0.0666255205869675, -1.1632509231567383], "rotation": [[-0.22607989609241486, 0.9442771673202515, 0.23922376334667203], [-0.974108397960663, -0.21915677189826968, -0.05552131682634355], [-5.960459503558294e-08, -0.24558219313621532, 0.9693753123283386]], "fy": 280.0, "fx": 280.0}, {"id": 7, "img_name": "000015", "width": 256, "height": 256, "position": [-0.10231278836727144, 1.1543569564819336, 0.31143638491630554], "rotation": [[-0.9960950613021852, -0.022912809625267986, 0.08526064455509186], [-0.08828574419021608, 0.25851655006408697, -0.9619639515876769], [1.8626444849930849e-09, -0.9657349586486816, -0.2595301568508148]], "fy": 280.0, "fx": 280.0}, {"id": 8, "img_name": "000022", "width": 256, "height": 256, "position": [0.9839780330657958, 0.4068203270435333, 0.553429901599884], "rotation": [[-0.38207677006721497, 0.42620113492012035, -0.8199816942214965], [0.9241306185722352, 0.17621058225631717, -0.33901697397232056], [7.450580592626147e-08, -0.8873006701469422, -0.4611915349960329]], "fy": 280.0, "fx": 280.0}, {"id": 9, "img_name": "000077", "width": 256, "height": 256, "position": [0.23796464502811432, 1.0846933126449585, -0.45476692914962774], "rotation": [[-0.9767704606056213, -0.08120930194854738, -0.19830386340618134], [0.21428807079792025, -0.3701693117618562, -0.9039111137390136], [-0.0, -0.9254078865051271, 0.37897253036499023]], "fy": 280.0, "fx": 280.0}, {"id": 10, "img_name": "000030", "width": 256, "height": 256, "position": [0.46075564622879017, 1.0668154954910276, -0.29934698343276983], "rotation": [[-0.9180355072021484, -0.09890872985124585, -0.38396304845809925], [0.3964978754520416, -0.22900941967964175, -0.8890129327774047], [-0.0, -0.9683861136436462, 0.24945583939552307]], "fy": 280.0, "fx": 280.0}, {"id": 11, "img_name": "000075", "width": 256, "height": 256, "position": [0.8270874619483947, -0.6958521604537964, 0.5212637782096862], "rotation": [[0.6437878608703611, 0.3323942422866819, -0.6892396807670594], [0.7652039527893066, -0.279652625322342, 0.5798768401145935], [1.0430811411886407e-07, -0.9007265567779541, -0.4343863725662231]], "fy": 280.0, "fx": 280.0}, {"id": 12, "img_name": "000068", "width": 256, "height": 256, "position": [-0.014854898676276205, -0.624631404876709, -1.024507164955139], "rotation": [[0.9997174143791199, 0.0202981662005186, 0.012379080988466741], [-0.0237751379609108, 0.8535146713256834, 0.5205261707305909], [0.0, -0.520673394203186, 0.8537560701370238]], "fy": 280.0, "fx": 280.0}, {"id": 13, "img_name": "000062", "width": 256, "height": 256, "position": [-0.8159220814704892, 0.6122839450836182, -0.631965219974518], "rotation": [[-0.6002148389816283, 0.4212251901626587, 0.6799349784851071], [-0.799838900566101, -0.3160957098007202, -0.5102365612983703], [5.96046518190864e-08, -0.8500900268554689, 0.5266376137733461]], "fy": 280.0, "fx": 280.0}, {"id": 14, "img_name": "000018", "width": 256, "height": 256, "position": [-1.033680438995361, 0.5270919203758241, -0.30607041716575617], "rotation": [[-0.45426788926124567, 0.22722287476062772, 0.861400306224823], [-0.8908651471137999, -0.11586500704288481, -0.43924325704574585], [2.980232238241522e-08, -0.9669256210327147, 0.25505864620208735]], "fy": 280.0, "fx": 280.0}, {"id": 15, "img_name": "000073", "width": 256, "height": 256, "position": [-0.03961835801601412, 0.8070592880249026, 0.8871786594390869], "rotation": [[-0.9987970590591431, -0.03624916076660157, 0.03301528468728066], [-0.049030713737010956, 0.7384260892868042, -0.6725493073463441], [-5.587932777315662e-09, -0.6733590960502623, -0.7393156290054322]], "fy": 280.0, "fx": 280.0}, {"id": 16, "img_name": "000006", "width": 256, "height": 256, "position": [-0.09586784243583678, -0.2686365842819214, -1.1656087636947632], "rotation": [[0.9418237805366514, 0.32647430896759033, 0.07988986372947691], [-0.33610692620277405, 0.9148315787315368, 0.22386373579502106], [-1.4901155843208549e-08, -0.23769171535968783, 0.9713404178619385]], "fy": 280.0, "fx": 280.0}, {"id": 17, "img_name": "000032", "width": 256, "height": 256, "position": [-0.44818681478500383, 0.5891712307929995, -0.9444606304168701], "rotation": [[-0.7958908677101135, 0.476511836051941, 0.37348899245262146], [-0.6054399609565735, -0.6264063715934753, -0.49097600579261785], [-4.3690075224662557e-17, -0.6168885231018068, 0.7870504260063169]], "fy": 280.0, "fx": 280.0}, {"id": 18, "img_name": "000000", "width": 256, "height": 256, "position": [1.2000000476837158, 3.6227850926489944e-48, 7.347881115511007e-17], "rotation": [[4.930380657631324e-32, -2.220446049250313e-16, -1.0], [1.0, -4.930380657631324e-32, -2.220446049250313e-16], [2.220446049250313e-16, -1.0, -4.930380657631324e-32]], "fy": 280.0, "fx": 280.0}, {"id": 19, "img_name": "000041", "width": 256, "height": 256, "position": [-0.5811991691589353, 0.6175466775894162, 0.8490250706672667], "rotation": [[-0.7282124757766724, -0.48490035533905035, 0.4843325614929198], [-0.6853513121604919, 0.5152255892753602, -0.5146222114562987], [-8.940694567135473e-08, -0.7066922783851624, -0.7075210213661194]], "fy": 280.0, "fx": 280.0}, {"id": 20, "img_name": "000058", "width": 256, "height": 256, "position": [-0.6098747253417969, -1.0331622362136843, 0.025068897753953937], "rotation": [[0.8611565232276915, -0.010619564913213253, 0.5082289576530457], [-0.5083398818969727, -0.017990127205848687, 0.8609685897827148], [-2.1420419214245937e-08, -0.9997817873954773, -0.02089066803455353]], "fy": 280.0, "fx": 280.0}, {"id": 21, "img_name": "000067", "width": 256, "height": 256, "position": [-0.6593950390815735, 0.7889680862426756, 0.6186498999595642], "rotation": [[-0.7673012614250183, -0.3306098878383636, 0.5494958758354187], [-0.6412866711616518, 0.39557567238807684, -0.6574733853340147], [1.4901159337747812e-08, -0.85686457157135, -0.5155415534973145]], "fy": 280.0, "fx": 280.0}, {"id": 22, "img_name": "000061", "width": 256, "height": 256, "position": [0.5818728208541869, -0.022845199331641197, -1.049238681793213], "rotation": [[0.03923120349645615, -0.8736924529075623, -0.48489406704902643], [0.9992300271987915, 0.03430229797959327, 0.019037675112485886], [-7.07805014568086e-08, -0.4852676391601562, 0.874365508556366]], "fy": 280.0, "fx": 280.0}, {"id": 23, "img_name": "000027", "width": 256, "height": 256, "position": [-0.4584908485412598, 0.9487370252609253, 0.574181318283081], "rotation": [[-0.9003732204437256, -0.20819732546806335, 0.38207560777664185], [-0.43511825799942017, 0.4308146238327027, -0.7906140685081482], [-1.4901159442739539e-08, -0.8780959248542785, -0.4784845113754273]], "fy": 280.0, "fx": 280.0}, {"id": 24, "img_name": "000039", "width": 256, "height": 256, "position": [1.0290867090225222, 0.6058346629142761, 0.11808964610099792], "rotation": [[-0.5073246359825134, 0.08480359613895415, -0.8575721383094785], [0.8617548942565918, 0.0499248616397381, -0.5048621892929078], [7.823108916417788e-08, -0.9951461553573608, -0.09840808808803558]], "fy": 280.0, "fx": 280.0}, {"id": 25, "img_name": "000028", "width": 256, "height": 256, "position": [1.1226108074188232, 0.11320409178733828, 0.40857094526290894], "rotation": [[-0.10033120214939119, 0.3387578129768371, -0.9355089068412781], [0.9949541687965394, 0.0341603122651577, -0.09433674067258835], [-4.4703490694914404e-08, -0.9402533769607544, -0.3404758274555207]], "fy": 280.0, "fx": 280.0}, {"id": 26, "img_name": "000064", "width": 256, "height": 256, "position": [-0.5133889913558959, 1.0765295028686521, -0.13234820961952212], "rotation": [[-0.9026142954826356, 0.047474443912506124, 0.4278241395950317], [-0.4304501414299011, -0.09954951703548433, -0.8971078395843505], [-2.2351740004259282e-08, -0.9938994050025941, 0.11029015481472018]], "fy": 280.0, "fx": 280.0}, {"id": 27, "img_name": "000063", "width": 256, "height": 256, "position": [-0.43535161018371576, 1.082862138748169, -0.27906706929206854], "rotation": [[-0.9278232455253601, 0.08674801141023636, 0.3627930283546448], [-0.3730201423168183, -0.2157706916332245, -0.9023851752281189], [-1.490116118958618e-08, -0.9725830554962158, 0.23255580663681033]], "fy": 280.0, "fx": 280.0}, {"id": 28, "img_name": "000072", "width": 256, "height": 256, "position": [-0.19609904289245605, 0.257984310388565, -1.155417203903198], "rotation": [[-0.7961159348487855, 0.5826613903045655, 0.1634158492088318], [-0.6051437854766847, -0.7665386199951172, -0.21498692035675038], [-1.4901155912120453e-08, -0.2700446546077728, 0.962847590446472]], "fy": 280.0, "fx": 280.0}, {"id": 29, "img_name": "000099", "width": 256, "height": 256, "position": [-0.1574703007936478, -0.9136985540390018, 0.7618123292922975], "rotation": [[0.9854716658592224, -0.10782183706760408, 0.13122527301311496], [-0.16983997821807864, -0.6256204843521117, 0.7614155411720276], [-7.450581485195403e-09, -0.7726407647132874, -0.6348436474800111]], "fy": 280.0, "fx": 280.0}, {"id": 30, "img_name": "000085", "width": 256, "height": 256, "position": [-0.5293632149696351, -0.9928046464920045, -0.4172689318656922], "rotation": [[0.8824018836021423, 0.16360299289226535, 0.4411360025405885], [-0.4704964458942413, 0.30683252215385426, 0.8273371458053588], [-5.9604630555759504e-08, -0.9375967383384703, 0.34772419929504395]], "fy": 280.0, "fx": 280.0}, {"id": 31, "img_name": "000065", "width": 256, "height": 256, "position": [0.9954218268394468, -0.12808048725128174, -0.6578229069709777], "rotation": [[0.1276174932718277, -0.5437034368515016, -0.8295181393623353], [0.9918234944343567, 0.06995808333158493, 0.10673371702432632], [2.2351741794301388e-08, -0.8363566994667053, 0.5481857061386108]], "fy": 280.0, "fx": 280.0}, {"id": 32, "img_name": "000050", "width": 256, "height": 256, "position": [-0.7889983057975769, 0.7231411933898925, -0.5427234768867494], "rotation": [[-0.6756701469421388, 0.33341497182846064, 0.6574985384941101], [-0.7372041344642639, -0.30558502674102783, -0.6026176810264587], [-5.960464480592933e-08, -0.8918813467025758, 0.4522694945335389]], "fy": 280.0, "fx": 280.0}, {"id": 33, "img_name": "000081", "width": 256, "height": 256, "position": [-1.1796576976776123, -0.015006059780716896, 0.21950556337833393], "rotation": [[0.012719700112938883, -0.18290656805038452, 0.9830480813980103], [-0.9999191761016847, -0.002326831221580505, 0.012505124323070048], [1.876615272070737e-07, -0.9831276535987853, -0.18292129039764402]], "fy": 280.0, "fx": 280.0}, {"id": 34, "img_name": "000029", "width": 256, "height": 256, "position": [-1.0296791791915891, 0.42602860927581776, -0.4452647566795349], "rotation": [[-0.3823169469833374, 0.34286540746688854, 0.8580659031867982], [-0.9240312576293945, -0.1418602615594864, -0.35502383112907404], [7.450580598536048e-08, -0.9286113381385803, 0.37105393409729]], "fy": 280.0, "fx": 280.0}, {"id": 35, "img_name": "000090", "width": 256, "height": 256, "position": [-1.1437929868698118, -0.33378443121910095, 0.1425689309835434], "rotation": [[0.2801377475261688, -0.11405034363269806, 0.9531607627868651], [-0.959959864616394, -0.03328241780400276, 0.27815365791320795], [-1.1175871782673755e-08, -0.9929173588752747, -0.1188073977828026]], "fy": 280.0, "fx": 280.0}, {"id": 36, "img_name": "000040", "width": 256, "height": 256, "position": [-0.853601336479187, 0.7893669009208679, 0.2970937192440033], "rotation": [[-0.6789426207542418, -0.1817696690559387, 0.7113344669342043], [-0.734191358089447, 0.16809129714965818, -0.6578057408332824], [7.450580585981728e-09, -0.9688679575920104, -0.2475780546665192]], "fy": 280.0, "fx": 280.0}, {"id": 37, "img_name": "000013", "width": 256, "height": 256, "position": [-0.14350864291191098, -0.6233755350112914, 1.0152870416641238], "rotation": [[0.9745098948478699, -0.1898113936185837, 0.11959055066108704], [-0.22434407472610468, -0.824506163597107, 0.5194796323776244], [2.3483230765184375e-17, -0.5330674648284911, -0.8460725545883178]], "fy": 280.0, "fx": 280.0}, {"id": 38, "img_name": "000074", "width": 256, "height": 256, "position": [-0.3247862458229064, -0.6466749906539915, 0.9572488665580751], "rotation": [[0.8936250209808348, -0.3580226302146911, 0.27065521478652954], [-0.44881451129913336, -0.7128512859344481, 0.5388958454132079], [2.9802325899369855e-08, -0.6030447483062744, -0.797707498073578]], "fy": 280.0, "fx": 280.0}, {"id": 39, "img_name": "000053", "width": 256, "height": 256, "position": [-0.5272132754325867, -0.9896959066390989, -0.427256852388382], "rotation": [[0.8825841546058655, 0.16739733517169952, 0.4393442869186402], [-0.4701544940471649, 0.31424170732498174, 0.8247462511062624], [-5.9604616337134174e-08, -0.9344677329063414, 0.3560473024845124]], "fy": 280.0, "fx": 280.0}, {"id": 40, "img_name": "000044", "width": 256, "height": 256, "position": [1.0149413347244263, 0.5625124573707581, 0.30573427677154547], "rotation": [[-0.48475766181945806, 0.22284168004989635, -0.8457844853401185], [0.8746483922004701, 0.12350594252347949, -0.4687604010105133], [8.940694586091876e-08, -0.9669992923736574, -0.25477868318557745]], "fy": 280.0, "fx": 280.0}, {"id": 41, "img_name": "000019", "width": 256, "height": 256, "position": [-0.22895704209804532, 0.5965064764022827, -1.0157554149627683], "rotation": [[-0.9335910081863404, 0.3033216297626495, 0.19079749286174774], [-0.35834020376205444, -0.7902500629425049, -0.49708861112594604], [4.4703480035555585e-08, -0.532447874546051, 0.8464627265930175]], "fy": 280.0, "fx": 280.0}, {"id": 42, "img_name": "000026", "width": 256, "height": 256, "position": [-0.265160620212555, 1.030146360397339, -0.5554168224334716], "rotation": [[-0.9684324860572815, 0.11537652462720872, 0.2209672182798386], [-0.24927544593811035, -0.4482366740703584, -0.8584553599357607], [7.450578831183044e-09, -0.8864378333091737, 0.46284744143486023]], "fy": 280.0, "fx": 280.0}, {"id": 43, "img_name": "000082", "width": 256, "height": 256, "position": [0.11312721669673917, -1.0312396287918089, 0.6031143069267273], "rotation": [[0.9940366744995116, 0.05480601266026497, -0.09427271038293839], [0.10904606431722641, -0.4995979368686676, 0.8593664169311523], [1.8626447942344044e-08, -0.8645218014717101, -0.502595067024231]], "fy": 280.0, "fx": 280.0}, {"id": 44, "img_name": "000036", "width": 256, "height": 256, "position": [0.7315042018890379, 0.5136877894401551, -0.8006414175033568], "rotation": [[-0.5746891498565673, -0.5460185408592223, -0.6095868349075316], [0.8183717727661133, -0.3834332823753357, -0.4280731379985809], [-3.3838864102045924e-17, -0.7448775768280029, 0.6672011613845825]], "fy": 280.0, "fx": 280.0}, {"id": 45, "img_name": "000069", "width": 256, "height": 256, "position": [-0.15409825742244723, 0.13611815869808194, -1.1822545528411865], "rotation": [[-0.6620292663574219, 0.7383947968482973, 0.12841521203517917], [-0.7494780421257019, -0.6522392630577087, -0.11343184858560561], [-4.470348002063008e-08, -0.17133958637714386, 0.9852119684219359]], "fy": 280.0, "fx": 280.0}, {"id": 46, "img_name": "000037", "width": 256, "height": 256, "position": [1.1883429288864136, -0.03137321770191192, 0.16387955844402313], "rotation": [[0.026391606777906407, 0.13651856780052185, -0.9902858734130859], [0.9996516108512877, -0.003604198107495903, 0.02614430710673332], [4.097818973048737e-08, -0.9906309247016906, -0.1365661770105362]], "fy": 280.0, "fx": 280.0}, {"id": 47, "img_name": "000054", "width": 256, "height": 256, "position": [0.6712300181388855, -0.07281532883644107, -0.9920424222946166], "rotation": [[0.10784776508808137, -0.821880280971527, -0.5593583583831787], [0.994167447090149, 0.08915796875953676, 0.060679469257593176], [1.7108820086059263e-17, -0.5626400709152223, 0.826702058315277]], "fy": 280.0, "fx": 280.0}, {"id": 48, "img_name": "000033", "width": 256, "height": 256, "position": [1.1475887298583982, 0.12566843628883362, 0.3274865746498108], "rotation": [[-0.10885569453239441, 0.2712836861610412, -0.9563239216804506], [0.9940575361251831, 0.029707362875342366, -0.10472363233566283], [7.264315371438702e-08, -0.9620407819747924, -0.27290546894073486]], "fy": 280.0, "fx": 280.0}, {"id": 49, "img_name": "000060", "width": 256, "height": 256, "position": [-0.6632988452911379, 0.889536023139954, 0.456903338432312], "rotation": [[-0.8016637563705443, -0.2276045829057693, 0.55274897813797], [-0.5977752208709716, 0.30523568391799927, -0.74127995967865], [-1.4901161236684336e-08, -0.9246768951416015, -0.3807527422904968]], "fy": 280.0, "fx": 280.0}, {"id": 50, "img_name": "000024", "width": 256, "height": 256, "position": [0.14343874156475064, -0.6587796211242674, 0.992690563201904], "rotation": [[0.9771068096160889, 0.17599532008171082, -0.11953229457139966], [0.21274945139884943, -0.8083040118217468, 0.5489829778671264], [-1.1480292483474434e-17, -0.5618454217910765, -0.8272422552108762]], "fy": 280.0, "fx": 280.0}, {"id": 51, "img_name": "000002", "width": 256, "height": 256, "position": [0.22020237147808072, 0.04468050971627236, -1.1787768602371218], "rotation": [[-0.19885435700416568, -0.9626961946487427, -0.18350198864936826], [0.9800289869308472, -0.19533748924732208, -0.03723378852009774], [1.8626449708323786e-08, -0.18724137544631955, 0.9823138713836671]], "fy": 280.0, "fx": 280.0}, {"id": 52, "img_name": "000046", "width": 256, "height": 256, "position": [-0.7002944946289062, -0.5085357427597045, 0.8312515020370482], "rotation": [[0.5875899791717529, -0.5605119466781616, 0.5835787057876586], [-0.8091586828231812, -0.4070290923118592, 0.42377963662147516], [-1.4901155501174852e-07, -0.72121661901474, -0.6927095055580139]], "fy": 280.0, "fx": 280.0}, {"id": 53, "img_name": "000016", "width": 256, "height": 256, "position": [0.30412158370018005, -0.9298740029335022, -0.6948700547218323], "rotation": [[0.950457751750946, -0.18000240623950955, -0.25343468785285944], [0.31085366010665894, 0.5503705143928529, 0.7748950719833375], [-1.490116295145922e-08, -0.8152861595153807, 0.579058349132538]], "fy": 280.0, "fx": 280.0}, {"id": 54, "img_name": "000048", "width": 256, "height": 256, "position": [-0.7706947326660154, 0.3783244490623473, 0.8383914232254029], "rotation": [[-0.44065761566162104, -0.6271693110466005, 0.642245590686798], [-0.8976751565933228, 0.30786964297294617, -0.31527042388916016], [-1.4901159383498855e-08, -0.7154542803764343, -0.6986594796180726]], "fy": 280.0, "fx": 280.0}, {"id": 55, "img_name": "000010", "width": 256, "height": 256, "position": [-0.009132017381489275, -1.1686605215072632, -0.2723041772842408], "rotation": [[0.999969482421875, 0.0017731211846694355, 0.007610012777149679], [-0.007813850417733192, 0.22691340744495395, 0.9738834500312806], [-1.3969835288001982e-09, -0.9739131927490234, 0.22692033648490909]], "fy": 280.0, "fx": 280.0}, {"id": 56, "img_name": "000087", "width": 256, "height": 256, "position": [-0.5139480233192444, 0.9737281799316404, 0.4771898686885834], "rotation": [[-0.8843711614608765, -0.18562050163745877, 0.4282900094985962], [-0.4667840003967285, 0.35167750716209406, -0.8114403486251829], [-1.4901157623015948e-08, -0.9175334572792053, -0.39765831828117365]], "fy": 280.0, "fx": 280.0}, {"id": 57, "img_name": "000025", "width": 256, "height": 256, "position": [-1.1013078689575195, 0.452993392944336, -0.14804826676845545], "rotation": [[-0.3804004788398743, 0.11409858614206313, 0.9177563786506651], [-0.9248217344284058, -0.04693132266402245, -0.37749439477920543], [-1.1175868053155508e-07, -0.992360234260559, 0.12337347865104673]], "fy": 280.0, "fx": 280.0}, {"id": 58, "img_name": "000056", "width": 256, "height": 256, "position": [0.7451921701431277, -0.6047673225402833, -0.7203782200813293], "rotation": [[0.6301521658897401, -0.4661277532577515, -0.6209936141967776], [0.7764714956283568, 0.37828993797302246, 0.5039726495742799], [-2.980231525216566e-08, -0.7997633814811707, 0.6003152132034302]], "fy": 280.0, "fx": 280.0}, {"id": 59, "img_name": "000012", "width": 256, "height": 256, "position": [0.732754409313202, 0.9141588211059569, -0.25958570837974554], "rotation": [[-0.7802740931510925, -0.13529554009437564, -0.6106285452842712], [0.6254374980926513, -0.16879001259803772, -0.761798918247223], [2.235173647008434e-08, -0.9763221144676208, 0.21632136404514316]], "fy": 280.0, "fx": 280.0}, {"id": 60, "img_name": "000098", "width": 256, "height": 256, "position": [-0.6319626569747925, -0.4575563371181489, 0.9117377400398253], "rotation": [[0.586449384689331, -0.6154122352600099, 0.5266354680061341], [-0.809985876083374, -0.4455733597278596, 0.38129684329032904], [-2.980232241241147e-08, -0.6501786112785339, -0.7597814202308655]], "fy": 280.0, "fx": 280.0}, {"id": 61, "img_name": "000001", "width": 256, "height": 256, "position": [7.347881777255497e-17, 1.1999999284744263, -2.6469776446253265e-23], "rotation": [[-0.9999997615814209, -8.227106111196833e-24, -6.123234262925839e-17], [6.123234262925838e-17, -1.3435881385248647e-07, -0.9999998807907102], [8.22710611119683e-24, -0.9999998807907104, -1.343588138524865e-07]], "fy": 280.0, "fx": 280.0}, {"id": 62, "img_name": "000005", "width": 256, "height": 256, "position": [0.0006775134243071079, 0.12262937426567083, -1.1937177181243896], "rotation": [[-0.9999847412109375, -0.005495879333466292, -0.0005645943456329404], [0.005524803418666125, -0.9947494864463808, -0.1021910682320595], [-1.1641533560721615e-10, -0.10219263285398482, 0.9947646260261535]], "fy": 280.0, "fx": 280.0}, {"id": 63, "img_name": "000093", "width": 256, "height": 256, "position": [-0.9489403367042544, -0.6522596478462219, 0.3377415239810943], "rotation": [[0.5664480328559877, -0.2319433242082597, 0.790783762931824], [-0.824097514152527, -0.15942752361297605, 0.5435497164726257], [-0.0, -0.959575593471527, -0.2814513146877288]], "fy": 280.0, "fx": 280.0}, {"id": 64, "img_name": "000011", "width": 256, "height": 256, "position": [1.0742714405059812, -0.002435686299577355, -0.5347288846969606], "rotation": [[0.002267281059175729, -0.4456062316894531, -0.8952261209487916], [0.9999973773956298, 0.0010102302767336366, 0.0020296464208513494], [3.4342512833386395e-08, -0.895228385925293, 0.4456072747707367]], "fy": 280.0, "fx": 280.0}, {"id": 65, "img_name": "000083", "width": 256, "height": 256, "position": [-0.8412972688674928, -0.3579526841640472, -0.7772315740585327], "rotation": [[0.3915124535560608, 0.5959894657135009, 0.7010809779167176], [-0.9201728105545045, 0.25357985496520996, 0.2982938885688782], [3.8917812738423593e-17, -0.7619014382362365, 0.6476929187774658]], "fy": 280.0, "fx": 280.0}, {"id": 66, "img_name": "000089", "width": 256, "height": 256, "position": [1.1238535642623901, -0.38230678439140314, -0.17548348009586331], "rotation": [[0.3220510780811309, -0.13844521343708038, -0.9365445971488954], [0.9467222094535828, 0.047095637768507004, 0.3185887932777405], [1.7508858718888218e-07, -0.9892494678497314, 0.14623628556728363]], "fy": 280.0, "fx": 280.0}, {"id": 67, "img_name": "000008", "width": 256, "height": 256, "position": [1.064001202583313, 0.4960953295230865, 0.24857787787914276], "rotation": [[-0.4225786626338959, 0.1877437233924866, -0.8866675496101378], [0.9063261151313782, 0.08753636479377745, -0.4134128391742706], [7.450577754680714e-08, -0.9783095121383667, -0.20714822411537173]], "fy": 280.0, "fx": 280.0}, {"id": 68, "img_name": "000017", "width": 256, "height": 256, "position": [1.0249321460723877, -0.3987151384353638, -0.4801459610462188], "rotation": [[0.36254918575286876, -0.37289920449256886, -0.8541100025177004], [0.9319644570350648, 0.1450636386871338, 0.33226251602172857], [-2.9802308195613322e-08, -0.9164618253707885, 0.40012151002883906]], "fy": 280.0, "fx": 280.0}, {"id": 69, "img_name": "000088", "width": 256, "height": 256, "position": [-0.03707213699817657, -0.4499993920326233, 1.1118119955062868], "rotation": [[0.9966237545013427, -0.07607065141201018, 0.03089345619082451], [-0.08210450410842897, -0.9233819842338562, 0.3749995529651642], [-1.862645149495719e-09, -0.3762699663639069, -0.9265100955963136]], "fy": 280.0, "fx": 280.0}, {"id": 70, "img_name": "000055", "width": 256, "height": 256, "position": [0.770860731601715, -0.4627608954906463, -0.7947490811347961], "rotation": [[0.5146956443786621, -0.5678302645683289, -0.6423839926719666], [0.8573730587959291, 0.34087818861007696, 0.38563409447669983], [-1.4901163059027223e-08, -0.749246895313263, 0.662290871143341]], "fy": 280.0, "fx": 280.0}, {"id": 71, "img_name": "000023", "width": 256, "height": 256, "position": [0.3818695545196533, -0.4766899645328522, 1.0329288244247437], "rotation": [[0.7804552912712097, 0.5381659269332886, -0.3182246685028076], [0.6252115368843078, -0.6717957258224488, 0.39724165201187134], [-4.4703480136533076e-08, -0.5089871287345885, -0.860774040222168]], "fy": 280.0, "fx": 280.0}, {"id": 72, "img_name": "000070", "width": 256, "height": 256, "position": [-0.3224615454673768, 0.8005803227424624, -0.8337202668190002], "rotation": [[-0.9275831580162048, 0.259576290845871, 0.2687179446220398], [-0.37361639738082897, -0.6444541811943055, -0.6671502590179444], [-2.9802315275067146e-08, -0.7192348837852478, 0.6947668194770812]], "fy": 280.0, "fx": 280.0}, {"id": 73, "img_name": "000043", "width": 256, "height": 256, "position": [-0.542691171169281, -0.9014858603477478, -0.5768966078758241], "rotation": [[0.856737494468689, 0.24794666469097137, 0.4522426128387452], [-0.5157527327537537, 0.4118741154670716, 0.7512380480766297], [-5.9604637669481544e-08, -0.876859188079834, 0.4807471632957458]], "fy": 280.0, "fx": 280.0}, {"id": 74, "img_name": "000003", "width": 256, "height": 256, "position": [1.1655755043029787, 0.27450269460678095, -0.07798862457275392], "rotation": [[-0.22923676669597626, -0.06325995177030563, -0.971312701702118], [0.9733705520629883, -0.014898224733769892, -0.22875222563743589], [8.754430069798581e-08, -0.9978857636451722, 0.06499051302671432]], "fy": 280.0, "fx": 280.0}, {"id": 75, "img_name": "000051", "width": 256, "height": 256, "position": [-0.5945693254470823, 0.6433917880058289, 0.820081889629364], "rotation": [[-0.7344226837158203, -0.46381941437721264, 0.4954743683338164], [-0.6786924004554747, 0.5019056200981141, -0.5361598134040833], [-7.450579888440174e-08, -0.7300425767898562, -0.683401644229889]], "fy": 280.0, "fx": 280.0}, {"id": 76, "img_name": "000076", "width": 256, "height": 256, "position": [-0.3074505031108856, 1.1589502096176145, -0.048050213605165475], "rotation": [[-0.966566801071167, 0.010267318226397041, 0.25620868802070623], [-0.2564143538475036, -0.038703195750713355, -0.9657917618751527], [-1.769512536443956e-08, -0.9991979598999022, 0.04004175961017608]], "fy": 280.0, "fx": 280.0}, {"id": 77, "img_name": "000084", "width": 256, "height": 256, "position": [1.0286586284637451, -0.36975204944610596, -0.4951214492321015], "rotation": [[0.3382618427276612, -0.3882791399955751, -0.8572154641151429], [0.9410520792007446, 0.13956728577613828, 0.3081266283988952], [1.4156103135398252e-07, -0.9109118580818177, 0.41260117292404186]], "fy": 280.0, "fx": 280.0}, {"id": 78, "img_name": "000079", "width": 256, "height": 256, "position": [-0.1842783689498901, 0.03197136521339417, 1.1853352785110471], "rotation": [[-0.17094123363494876, -0.9732403755187989, 0.1535651981830597], [-0.985281229019165, 0.1688522100448608, -0.02664287947118282], [1.0617077350731601e-07, -0.1558592617511749, -0.9877792596817018]], "fy": 280.0, "fx": 280.0}, {"id": 79, "img_name": "000014", "width": 256, "height": 256, "position": [-0.9528968334197997, -0.4246009588241579, -0.5930444598197937], "rotation": [[0.4070117175579072, 0.4514168798923491, 0.7940806150436401], [-0.9134227037429811, 0.20114667713642126, 0.35383406281471264], [-2.9802315300981656e-08, -0.8693460226058959, 0.49420359730720514]], "fy": 280.0, "fx": 280.0}, {"id": 80, "img_name": "000096", "width": 256, "height": 256, "position": [-0.4000335931777953, 0.48076674342155445, 1.024127244949341], "rotation": [[-0.7686971426010132, -0.545870840549469, 0.33336129784584045], [-0.6396130323410033, 0.6560363769531249, -0.40063893795013417], [-9.475079954576054e-17, -0.521192193031311, -0.8534393310546875]], "fy": 280.0, "fx": 280.0}, {"id": 81, "img_name": "000034", "width": 256, "height": 256, "position": [0.00038110176683403546, -0.8078324198722839, 0.887359321117401], "rotation": [[0.9999998807907104, 0.0003488493675831705, -0.00031758481054566795], [0.0004717583651654423, -0.7394660711288452, 0.6731936931610106], [-0.0, -0.6731938123703003, -0.73946613073349]], "fy": 280.0, "fx": 280.0}, {"id": 82, "img_name": "000035", "width": 256, "height": 256, "position": [0.8289819359779356, 0.8286802172660827, -0.25705739855766296], "rotation": [[-0.7069779634475708, -0.15150009095668798, -0.6908180713653567], [0.7072353959083557, -0.15144497156143183, -0.6905667781829833], [3.7252895896997104e-08, -0.9767866134643554, 0.21421442925930023]], "fy": 280.0, "fx": 280.0}, {"id": 83, "img_name": "000020", "width": 256, "height": 256, "position": [-0.44061547517776495, 1.1117494106292727, -0.09935294091701506], "rotation": [[-0.9296496510505677, 0.03050505742430688, 0.367179572582245], [-0.368444561958313, -0.07696955651044847, -0.9264578819274901], [-1.1175870004966484e-08, -0.9965665936470033, 0.08279410749673843]], "fy": 280.0, "fx": 280.0}, {"id": 84, "img_name": "000007", "width": 256, "height": 256, "position": [0.16634798049926755, -0.8338783979415895, 0.846744120121002], "rotation": [[0.9806773066520691, 0.13804219663143155, -0.13862328231334686], [0.19563248753547668, -0.6919855475425719, 0.6948984861373902], [7.450580620391693e-09, -0.7085904479026793, -0.7056200504302977]], "fy": 280.0, "fx": 280.0}, {"id": 85, "img_name": "000078", "width": 256, "height": 256, "position": [-0.01932785660028458, -1.0315396785736086, -0.6128228902816771], "rotation": [[0.9998244047164917, 0.009566995315253735, 0.01610654592514038], [-0.018733613193035126, 0.51059627532959, 0.859615981578827], [-2.793965502026915e-09, -0.8597668409347535, 0.5106858611106871]], "fy": 280.0, "fx": 280.0}, {"id": 86, "img_name": "000052", "width": 256, "height": 256, "position": [-0.5551752448081971, 0.04102793708443641, -1.063060283660889], "rotation": [[-0.07369983196258544, 0.8834744691848755, 0.4626460373401643], [-0.9972805976867676, -0.06528951227664946, -0.03418995812535286], [-3.3527612687745744e-08, -0.4639076590538025, 0.885883629322052]], "fy": 280.0, "fx": 280.0}, {"id": 87, "img_name": "000094", "width": 256, "height": 256, "position": [-0.8082949519157411, 0.8270339965820309, 0.3204277157783509], "rotation": [[-0.7151624560356142, -0.18663796782493594, 0.6735791563987733], [-0.6989581584930421, 0.19096480309963226, -0.6891950368881223], [2.9802318815209185e-08, -0.9636900424957275, -0.26702302694320684]], "fy": 280.0, "fx": 280.0}, {"id": 88, "img_name": "000097", "width": 256, "height": 256, "position": [-0.7608671188354492, -0.25419092178344715, -0.892450451850891], "rotation": [[0.3168655335903167, 0.7053858637809753, 0.6340557932853699], [-0.9484702348709105, 0.23565556108951569, 0.21182560920715326], [-5.960461640589422e-08, -0.66850346326828, 0.7437087297439575]], "fy": 280.0, "fx": 280.0}, {"id": 89, "img_name": "000047", "width": 256, "height": 256, "position": [-0.8126720190048216, -0.7382508516311646, -0.4843032658100127], "rotation": [[0.6724025011062623, 0.298728734254837, 0.6772267818450928], [-0.7401857972145081, 0.2713723182678222, 0.6152089834213257], [-2.98023223627149e-08, -0.914941668510437, 0.40358614921569824]], "fy": 280.0, "fx": 280.0}, {"id": 90, "img_name": "000080", "width": 256, "height": 256, "position": [-0.6174426078796389, -0.5307503938674927, 0.881515085697174], "rotation": [[0.6518625617027282, -0.557071328163147, 0.5145354866981509], [-0.7583371400833131, -0.47885552048683167, 0.4422919750213624], [-2.980232230165141e-08, -0.6785049438476564, -0.7345958948135375]], "fy": 280.0, "fx": 280.0}, {"id": 91, "img_name": "000009", "width": 256, "height": 256, "position": [-0.18237049877643582, -1.1856323480606077, -0.031884275376796715], "rotation": [[0.988375961780548, 0.004039464518427849, 0.15197540819644925], [-0.15202909708023069, 0.0262614507228136, 0.9880268573760985], [-1.4901155864161077e-08, -0.9996467232704163, 0.02657030150294304]], "fy": 280.0, "fx": 280.0}, {"id": 92, "img_name": "000021", "width": 256, "height": 256, "position": [0.6012953519821168, 1.013073444366455, -0.22831147909164434], "rotation": [[-0.8599353432655333, -0.09710903465747833, -0.5010793209075929], [0.5104024410247803, -0.16361105442047122, -0.8442277312278745], [9.685750512750581e-08, -0.9817336797714235, 0.19025942683219915]], "fy": 280.0, "fx": 280.0}, {"id": 93, "img_name": "000042", "width": 256, "height": 256, "position": [-0.030666736885905273, -0.7970414161682132, -0.8965404033660892], "rotation": [[0.999260663986206, 0.02872459590435027, 0.025555606931447986], [-0.03844725340604783, 0.7465645074844359, 0.6642009615898135], [-7.450577929709891e-09, -0.6646924018859863, 0.7471168637275696]], "fy": 280.0, "fx": 280.0}, {"id": 94, "img_name": "000031", "width": 256, "height": 256, "position": [0.5580376386642458, -0.5829517245292667, -0.8881222009658813], "rotation": [[0.7223747372627258, -0.511781871318817, -0.4650314152240753], [0.6915019154548644, 0.5346307754516603, 0.4857931435108185], [1.4901159461885513e-08, -0.6724947094917297, 0.7401018738746642]], "fy": 280.0, "fx": 280.0}, {"id": 95, "img_name": "000066", "width": 256, "height": 256, "position": [0.7406156659126283, 0.4785733819007874, 0.8139139413833617], "rotation": [[-0.5427327752113343, 0.5696756839752196, -0.6171796321868895], [0.8399052619934083, 0.36811491847038275, -0.39881107211112987], [4.470348003549938e-08, -0.7348203659057618, -0.6782616972923277]], "fy": 280.0, "fx": 280.0}, {"id": 96, "img_name": "000059", "width": 256, "height": 256, "position": [-0.4384661316871642, -0.3006906211376189, -1.0757939815521238], "rotation": [[0.5655643343925476, 0.7393431663513182, 0.36538839340209955], [-0.824704110622406, 0.5070255994796753, 0.25057545304298395], [-2.980232241256961e-08, -0.44305390119552607, 0.8964949846267699]], "fy": 280.0, "fx": 280.0}, {"id": 97, "img_name": "000045", "width": 256, "height": 256, "position": [0.949959874153137, -0.5260075926780702, 0.5107756257057189], "rotation": [[0.4844123721122742, 0.37237232923507685, -0.7916333675384523], [0.874839723110199, -0.20618826150894162, 0.4383397400379181], [1.0430811409976841e-07, -0.9048895239830015, -0.425646275281906]], "fy": 280.0, "fx": 280.0}, {"id": 98, "img_name": "000091", "width": 256, "height": 256, "position": [-0.5853460431098937, 0.13721643388271332, 1.038528800010681], "rotation": [[-0.22823238372802734, -0.8425986170768738, 0.48778831958770746], [-0.9736065864562988, 0.19752156734466553, -0.11434709280729294], [-5.9604630591674065e-08, -0.5010116696357727, -0.8654406070709229]], "fy": 280.0, "fx": 280.0}, {"id": 99, "img_name": "000057", "width": 256, "height": 256, "position": [-0.7661803960800169, -0.7079266309738158, -0.5931339263916017], "rotation": [[0.678633689880371, 0.3630359470844269, 0.6384835839271545], [-0.7344769835472107, 0.335433840751648, 0.5899388790130615], [-0.0, -0.8693038821220399, 0.49427822232246404]], "fy": 280.0, "fx": 280.0}, {"id": 100, "img_name": "000092", "width": 256, "height": 256, "position": [-0.9550257325172425, 0.3481580018997192, 0.6377393007278442], "rotation": [[-0.3425039649009706, -0.4993053078651428, 0.7958548069000244], [-0.9395161867141724, 0.18202359974384308, -0.29013171792030334], [-1.4901155512775913e-07, -0.847089946269989, -0.5314494371414183]], "fy": 280.0, "fx": 280.0}, {"id": 101, "img_name": "000049", "width": 256, "height": 256, "position": [-0.11632926762104033, -0.7578999996185303, 0.9230684041976929], "rotation": [[0.9884247183799744, -0.1167006343603134, 0.09694104641675948], [-0.1517122387886047, -0.7603196501731873, 0.6315833330154419], [1.4901161166516967e-08, -0.6389796733856202, -0.769223630428314]], "fy": 280.0, "fx": 280.0}, {"id": 102, "img_name": "000095", "width": 256, "height": 256, "position": [0.31700062751770025, 0.5139241218566895, 1.0370113849639893], "rotation": [[-0.8511111140251162, 0.4536800384521485, -0.26416718959808344], [0.5249856114387511, 0.7355099320411682, -0.4282700717449188], [-1.490116120784635e-08, -0.5031894445419312, -0.8641762137413023]], "fy": 280.0, "fx": 280.0}, {"id": 103, "img_name": "000071", "width": 256, "height": 256, "position": [0.6003167033195498, 0.25267454981803894, 1.0078568458557131], "rotation": [[-0.38793915510177596, 0.7741053104400635, -0.5002638697624208], [0.9216848015785216, 0.3258226215839386, -0.21056213974952698], [7.450579176834028e-08, -0.5427710413932799, -0.8398805856704711]], "fy": 280.0, "fx": 280.0}, {"id": 104, "img_name": "000004", "width": 256, "height": 256, "position": [-0.9737870097160338, 0.6499034166336061, -0.26337131857872015], "rotation": [[-0.5551212430000306, 0.18255354464054113, 0.8114890456199645], [-0.831769347190857, -0.12183586508035661, -0.54158616065979], [-0.0, -0.975617825984955, 0.21947610378265384]], "fy": 280.0, "fx": 280.0}, {"id": 105, "img_name": "000038", "width": 256, "height": 256, "position": [1.0914213657379153, -0.049320094287395484, -0.4963534772396088], "rotation": [[0.0451427660882473, -0.41320639848709106, -0.909517765045166], [0.998980462551117, 0.018672255799174316, 0.04109993204474449], [7.636842980050479e-08, -0.9104458689689637, 0.41362801194190985]], "fy": 280.0, "fx": 280.0}, {"id": 106, "img_name": "000086", "width": 256, "height": 256, "position": [-0.2870686054229736, 0.0666255205869675, -1.1632509231567383], "rotation": [[-0.22607989609241486, 0.9442771673202515, 0.23922376334667203], [-0.974108397960663, -0.21915677189826968, -0.05552131682634355], [-5.960459503558294e-08, -0.2